.	Basic Statistics	Per Base Sequence Quality	Per Tile Sequence Quality	Per Sequence Quality Scores	Per Base Sequence Content	Per Sequence GC Content	Per Base N Content	Sequence Length Distribution	Sequence Duplication Levels	Overrepresented Sequences	Adapter Content
ERR10710700_1	1	1	1	1	0.25	0.5	1	1	0.5	1	1
ERR10710700_2	1	1	1	1	0.25	0.5	1	1	1	1	1
ERR10710702_1	1	1	1	1	0.25	0.5	1	1	1	1	1
ERR10710702_2	1	1	1	1	0.25	0.5	1	1	1	1	1
ERR10710703_1	1	1	1	1	0.25	0.5	1	1	1	1	1
ERR10710703_2	1	1	1	1	0.25	0.5	1	1	1	1	1
ERR10710705_1	1	1	1	1	0.25	0.5	1	1	1	1	1
ERR10710705_2	1	1	1	1	0.25	0.5	1	1	1	1	1
ERR10710706_1	1	1	1	1	0.25	0.5	1	1	1	1	1
ERR10710706_2	1	1	1	1	0.25	0.5	1	1	1	1	1
ERR10710707_1	1	1	1	1	0.25	0.5	1	1	0.5	1	1
ERR10710707_2	1	1	1	1	0.25	0.5	1	1	1	1	1
ERR10710709_1	1	1	1	1	0.25	0.5	1	1	1	1	1
ERR10710709_2	1	1	1	1	0.25	0.5	1	1	1	1	1
ERR10782663_1	1	1	1	1	0.5	1	1	1	1	1	0.25
ERR10782663_2	1	1	1	1	0.5	1	1	1	1	0.25	0.25
ERR10782668_1	1	1	1	1	0.5	1	1	1	1	1	0.25
ERR10782668_2	1	1	1	1	0.5	0.5	1	1	1	0.25	0.25
ERR10782671_1	1	1	1	1	0.5	1	1	1	1	1	0.25
ERR10782671_2	1	1	1	1	0.5	0.5	1	1	1	0.25	0.25
ERR10782676_1	1	1	1	1	0.5	0.5	1	1	1	0.25	0.25
ERR10782676_2	1	1	1	1	0.5	1	1	1	1	1	0.25
ERR10782680_1	1	1	1	1	0.5	0.5	1	1	1	0.25	1
ERR10782680_2	1	1	1	1	0.5	0.5	1	1	1	1	1
ERR10782688_1	1	1	1	1	0.5	0.5	1	1	1	1	1
ERR10782688_2	1	1	1	1	0.5	0.5	1	1	1	0.25	1
ERR10782695_1	1	1	1	1	0.5	0.5	1	1	1	1	0.25
ERR10782695_2	1	1	1	1	0.5	0.5	1	1	1	0.25	0.25
ERR10782717_1	1	1	1	1	0.5	0.5	1	1	1	1	1
ERR10782717_2	1	1	1	1	0.5	0.5	1	1	1	1	1
ERR10782743_1	1	1	1	1	0.5	0.5	1	1	1	0.25	0.25
ERR10782743_2	1	1	1	1	0.5	0.5	1	1	1	1	0.25
ERR10783123_1	1	1	1	1	0.25	1	1	1	1	0.5	0.25
ERR10783123_2	1	1	1	1	0.25	1	1	1	1	1	0.25
ERR10783128_1	1	1	1	1	0.5	0.5	1	1	1	1	0.25
ERR10783128_2	1	1	1	1	0.5	0.5	1	1	1	0.25	0.25
ERR10783132_1	1	1	0.5	1	0.5	0.5	1	1	1	0.25	0.25
ERR10783132_2	1	1	0.25	1	0.5	1	0.5	1	1	1	0.25
ERR10783138_1	1	1	1	1	0.5	1	1	1	1	0.25	0.5
ERR10783138_2	1	1	1	1	0.5	0.5	1	1	1	0.5	0.5
ERR10783144_1	1	1	1	1	0.25	0.5	1	1	1	0.25	0.25
ERR10783144_2	1	1	1	1	0.5	1	1	1	1	1	0.25
ERR10783153_1	1	1	1	1	0.5	0.5	1	1	1	1	0.25
ERR10783153_2	1	1	1	1	0.5	0.5	1	1	1	0.25	0.25
ERR10783156_1	1	1	1	1	0.25	0.5	1	1	1	0.25	0.5
ERR10783156_2	1	1	1	1	0.25	0.5	1	1	1	1	0.5
ERR10783159_1	1	1	1	1	0.5	1	1	1	1	1	0.25
ERR10783159_2	1	1	1	1	0.5	0.5	1	1	1	0.25	0.25
ERR10783163_1	1	1	1	1	0.5	0.5	1	1	1	0.25	0.25
ERR10783163_2	1	1	1	1	0.5	1	1	1	1	1	0.25
ERR10783166_1	1	1	1	1	0.5	0.5	1	1	1	0.5	0.5
ERR10783166_2	1	1	1	1	0.5	0.5	1	1	1	1	0.5
ERR10783178_1	1	0.25	0.25	1	0.25	0.5	0.5	1	1	1	0.25
ERR10783178_2	1	1	0.25	1	0.25	0.5	0.5	1	0.5	0.25	0.25
ERR10787957_1	1	1	1	1	0.5	0.5	1	1	1	0.5	0.25
ERR10787957_2	1	1	1	1	0.25	0.5	1	1	1	0.25	0.25
ERR10787959_1	1	1	1	1	0.25	0.5	1	1	1	0.25	0.25
ERR10787959_2	1	1	1	1	0.25	0.25	1	1	1	1	0.25
ERR10787961_1	1	1	0.25	1	0.25	0.5	0.5	0.5	1	0.25	0.25
ERR10787961_2	1	0.5	0.25	1	0.25	0.5	0.5	0.5	1	1	0.25
ERR10788033_1	1	1	1	1	0.5	1	1	1	1	1	0.25
ERR10788033_2	1	1	1	1	0.5	0.5	1	1	1	0.25	0.25
ERR10788115_1	1	1	1	1	0.5	0.5	1	1	1	1	0.5
ERR10788115_2	1	1	1	1	0.5	0.5	1	1	1	0.25	0.5
ERR10788118_1	1	1	1	1	0.5	0.5	1	1	1	1	0.25
ERR10788118_2	1	1	1	1	0.5	0.5	1	1	1	0.25	0.25
ERR10788121_1	1	1	0.5	1	0.5	0.5	1	1	1	1	0.25
ERR10788121_2	1	1	0.5	1	0.5	0.5	1	1	1	0.25	0.25
ERR10794274_1	1	1	0.5	1	0.5	0.5	1	1	1	0.25	0.25
ERR10794274_2	1	1	0.5	1	0.5	1	1	1	1	1	0.25
ERR10794308_1	1	1	0.25	1	0.25	0.5	0.5	1	0.5	0.25	0.25
ERR10794308_2	1	1	0.25	1	0.25	1	0.5	1	1	1	0.25
ERR10794316_1	1	1	1	1	0.5	0.5	1	1	1	1	1
ERR10794316_2	1	1	1	1	0.5	0.5	1	1	1	0.25	1
ERR10794327_1	1	1	1	1	0.5	0.5	1	1	1	1	0.25
ERR10794327_2	1	1	1	1	0.5	1	1	1	1	0.5	0.25
ERR10802836_1	1	1	1	1	0.25	0.5	1	1	0.5	0.25	0.25
ERR10802836_2	1	1	1	1	0.25	0.5	1	1	1	0.5	0.25
ERR10802837_1	1	1	1	1	0.5	1	1	1	1	1	0.25
ERR10802837_2	1	1	1	1	0.5	0.5	1	1	1	0.25	0.25
ERR10805899_1	1	1	1	1	0.5	1	1	1	1	1	0.25
ERR10805899_2	1	1	1	1	0.25	0.5	1	1	1	0.25	0.25
ERR10808103_1	1	1	0.25	1	0.5	1	1	1	1	0.25	0.25
ERR10808103_2	1	0.25	0.25	1	0.5	0.5	0.25	1	1	0.5	0.25
ERR10808115_1	1	1	1	1	0.5	1	1	1	1	1	0.25
ERR10808115_2	1	1	1	1	0.5	0.5	1	1	1	0.25	0.25
ERR10808136_1	1	1	1	1	0.5	0.5	1	1	1	0.25	0.25
ERR10808136_2	1	1	1	1	0.5	1	1	1	1	1	0.25
ERR10809417_1	1	1	1	1	0.5	1	1	1	1	0.25	0.25
ERR10809417_2	1	1	1	1	0.5	0.5	1	1	1	0.5	0.25
ERR10809418_1	1	1	1	1	0.5	0.5	1	1	1	1	0.5
ERR10809418_2	1	1	1	1	0.5	0.5	1	1	1	0.25	0.5
ERR10812834_1	1	1	1	1	0.25	0.5	1	1	1	0.25	0.25
ERR10812834_2	1	1	1	1	0.25	0.5	1	1	1	1	0.5
ERR10812835_1	1	1	1	1	0.5	1	1	1	1	1	0.25
ERR10812835_2	1	1	1	1	0.5	0.5	1	1	1	0.25	0.25
ERR10812836_1	1	1	0.25	1	0.5	1	1	1	1	0.25	0.25
ERR10812836_2	1	0.25	0.25	1	0.5	0.5	0.25	1	1	0.5	0.25
ERR10812837_1	1	1	1	1	0.25	0.5	1	1	1	0.25	0.25
ERR10812837_2	1	1	1	1	0.25	1	1	1	1	1	0.25
ERR10812838_1	1	1	1	1	0.5	0.5	1	1	1	0.25	0.25
ERR10812838_2	1	1	1	1	0.25	1	1	1	1	1	0.25
ERR10812839_1	1	1	1	1	0.5	1	1	1	1	1	0.25
ERR10812839_2	1	1	1	1	0.5	1	1	1	1	0.25	0.25
ERR10812840_1	1	1	1	1	0.5	1	1	1	1	1	0.25
ERR10812840_2	1	1	1	1	0.5	1	1	1	1	0.25	0.25
ERR10812841_1	1	1	1	1	0.5	1	1	1	1	1	0.25
ERR10812841_2	1	1	1	1	0.5	0.5	1	1	1	0.25	0.25
ERR10812867_1	1	1	1	1	0.5	0.5	1	1	1	0.25	1
ERR10812867_2	1	1	1	1	0.5	1	1	1	1	1	1
ERR10812868_1	1	1	1	1	0.25	1	1	1	1	1	0.5
ERR10812868_2	1	1	1	1	0.25	1	1	1	1	0.5	0.5
ERR10812869_1	1	1	1	1	0.5	0.5	1	1	1	0.25	0.25
ERR10812869_2	1	1	1	1	0.5	1	1	1	1	1	0.25
ERR10812870_1	1	1	1	1	0.5	0.5	1	1	1	1	0.5
ERR10812870_2	1	1	1	1	0.5	0.5	1	1	1	0.25	0.5
ERR10812871_1	1	1	1	1	0.5	0.5	1	1	1	1	0.5
ERR10812871_2	1	1	1	1	0.5	1	1	1	1	0.25	0.5
ERR10812872_1	1	1	1	1	0.25	0.5	1	1	0.5	0.25	0.25
ERR10812872_2	1	1	1	1	0.25	0.25	1	1	1	1	0.25
ERR10812873_1	1	1	1	1	0.5	0.5	1	1	1	0.25	0.25
ERR10812873_2	1	1	1	1	0.5	0.5	1	1	1	1	0.25
ERR10820997_1	1	1	1	1	0.5	0.5	1	1	1	0.25	0.25
ERR10820997_2	1	1	1	1	0.5	1	1	1	1	1	0.25
ERR10852925_1	1	1	1	1	0.5	1	1	1	1	0.25	0.25
ERR10852925_2	1	1	1	1	0.5	1	1	1	1	1	0.25
ERR10852926_1	1	1	1	1	0.5	0.5	1	1	1	0.25	0.25
ERR10852926_2	1	1	1	1	0.5	1	1	1	1	1	0.25
ERR10852929_1	1	1	1	1	0.5	1	1	1	1	1	0.25
ERR10852929_2	1	1	1	1	0.5	0.5	1	1	1	0.25	0.25
ERR10852931_1	1	1	0.5	1	0.5	1	0.5	1	1	1	0.25
ERR10852931_2	1	1	0.5	1	0.5	0.5	1	1	1	0.25	0.25
ERR10852932_1	1	1	1	1	0.5	0.5	1	1	1	0.5	0.5
ERR10852932_2	1	1	1	1	0.5	0.5	1	1	1	0.25	0.5
ERR10852933_1	1	1	1	1	0.25	1	1	1	1	1	0.25
ERR10852933_2	1	1	1	1	0.25	0.5	1	1	0.5	0.25	0.25
ERR10852935_1	1	1	1	1	0.25	0.5	1	1	1	0.5	0.25
ERR10852935_2	1	1	1	1	0.25	0.5	1	1	0.5	0.25	0.25
ERR10852936_1	1	1	1	1	0.5	1	1	1	1	1	0.5
ERR10852936_2	1	1	1	1	0.5	1	1	1	1	0.25	0.5
ERR10852938_1	1	1	1	1	0.5	1	1	1	1	0.5	0.25
ERR10852938_2	1	1	1	1	0.5	1	1	1	1	0.25	0.25
ERR10852993_1	1	1	1	1	0.5	1	1	1	1	1	0.25
ERR10852993_2	1	1	1	1	0.5	0.5	1	1	1	0.25	0.25
ERR10852995_1	1	1	1	1	0.5	0.5	1	1	1	0.25	0.25
ERR10852995_2	1	1	1	1	0.5	1	1	1	1	1	0.25
ERR10852996_1	1	1	1	1	0.5	0.5	1	1	1	1	0.5
ERR10852996_2	1	1	1	1	0.25	0.5	1	1	1	0.25	0.5
ERR10853648_1	1	1	1	1	0.5	0.5	1	1	1	0.25	0.25
ERR10853648_2	1	1	1	1	0.5	1	1	1	1	0.5	0.25
ERR10854234_1	1	1	1	1	0.5	0.5	1	1	1	0.25	0.25
ERR10854234_2	1	1	1	1	0.5	0.5	1	1	1	1	0.25
ERR10854472_1	1	1	1	1	0.5	1	1	1	1	1	0.5
ERR10854472_2	1	1	1	1	0.5	0.5	1	1	1	0.25	0.5
ERR10854473_1	1	1	1	1	0.5	0.5	1	1	1	1	0.25
ERR10854473_2	1	1	1	1	0.5	0.5	1	1	1	0.25	0.25
ERR10854474_1	1	1	1	1	0.5	0.5	1	1	1	0.5	0.5
ERR10854474_2	1	1	1	1	0.5	1	1	1	1	1	0.5
ERR10854475_1	1	1	1	1	0.5	0.5	1	1	1	0.25	0.5
ERR10854475_2	1	1	1	1	0.5	0.5	1	1	1	1	0.5
ERR10854476_1	1	1	1	1	0.5	0.5	1	1	1	0.25	0.5
ERR10854476_2	1	1	1	1	0.5	0.5	1	1	1	1	0.5
ERR10854480_1	1	1	1	1	0.5	0.5	1	1	1	1	0.25
ERR10854480_2	1	1	1	1	0.5	0.5	1	1	1	0.25	0.25
ERR10854483_1	1	1	1	1	0.5	0.5	1	1	1	0.25	0.25
ERR10854483_2	1	1	1	1	0.5	0.5	1	1	1	1	0.25
ERR10854484_1	1	1	1	1	0.5	1	1	1	1	1	0.25
ERR10854484_2	1	1	1	1	0.5	1	1	1	1	0.25	0.25
ERR3569448_1	1	1	1	1	0.25	0.25	1	0.5	1	0.5	1
ERR3569448_2	1	1	1	1	0.25	0.5	1	0.5	1	1	1
ERR3569449_1	1	1	1	1	0.25	0.25	1	0.5	1	0.25	1
ERR3569449_2	1	1	1	1	0.25	0.5	1	0.5	1	1	1
ERR3569450_1	1	1	1	1	0.25	0.25	1	0.5	1	0.25	1
ERR3569450_2	1	1	1	1	0.25	0.5	1	0.5	1	1	1
ERR3569451_1	1	1	1	1	0.25	0.25	1	0.5	0.5	0.25	1
ERR3569451_2	1	1	1	1	0.25	0.5	1	0.5	0.5	1	1
ERR4436595_1	1	1	1	1	0.25	0.5	1	0.5	1	0.5	1
ERR4436595_2	1	1	1	1	0.25	1	1	0.5	1	1	1
ERR4436596_1	1	1	1	1	0.25	0.5	1	0.5	1	0.5	1
ERR4436596_2	1	1	1	1	0.25	1	1	0.5	1	1	1
ERR4436597_1	1	1	1	1	0.25	0.5	1	0.5	1	0.5	1
ERR4436597_2	1	1	1	1	0.25	1	1	0.5	1	1	1
ERR4436754_1	1	1	1	1	0.25	0.5	1	0.5	1	0.5	1
ERR4436754_2	1	1	1	1	0.25	0.5	1	0.5	1	1	1
ERR4783167_1	1	1	0.5	1	1	0.5	1	1	1	1	1
ERR4783167_2	1	1	0.5	1	1	0.5	1	1	1	1	1
ERR4783172_1	1	1	0.5	1	1	0.5	1	1	1	1	1
ERR4783172_2	1	1	0.5	1	1	0.5	1	1	1	1	1
ERR4783180_1	1	1	0.5	1	1	0.5	1	1	1	1	1
ERR4783180_2	1	1	0.5	1	1	0.5	1	1	1	1	1
ERR4783186_1	1	1	0.5	1	1	0.5	1	1	1	1	1
ERR4783186_2	1	1	0.5	1	1	0.5	1	1	1	1	1
ERR4783188_1	1	1	0.5	1	1	0.5	1	1	1	1	1
ERR4783188_2	1	1	0.5	1	1	0.5	1	1	1	1	1
ERR4783194_1	1	1	0.5	1	1	0.5	1	1	1	1	1
ERR4783194_2	1	1	0.5	1	1	0.5	1	1	1	1	1
ERR4783195_1	1	1	0.5	1	1	0.5	1	1	1	1	1
ERR4783195_2	1	1	0.5	1	1	0.5	1	1	1	1	1
ERR4783200_1	1	1	0.5	1	1	0.5	1	1	1	1	1
ERR4783200_2	1	1	0.5	1	1	0.5	1	1	1	1	1
ERR4783203_1	1	1	0.5	1	1	0.5	1	1	1	1	1
ERR4783203_2	1	1	0.5	1	1	0.5	1	1	1	1	1
ERR4783208_1	1	1	0.5	1	1	0.5	1	1	1	1	1
ERR4783208_2	1	1	0.5	1	1	0.5	1	1	1	1	1
ERR4783214_1	1	1	0.5	1	1	0.5	1	1	1	1	1
ERR4783214_2	1	1	0.5	1	1	0.5	1	1	1	1	1
ERR4783216_1	1	1	0.5	1	1	0.5	1	1	1	1	1
ERR4783216_2	1	1	0.5	1	1	0.5	1	1	1	1	1
ERR4783222_1	1	1	0.5	1	1	0.5	1	1	1	1	1
ERR4783222_2	1	1	0.5	1	1	0.5	1	1	1	1	1
ERR4783223_1	1	1	0.5	1	1	0.5	1	1	1	1	1
ERR4783223_2	1	1	0.5	1	1	0.5	1	1	1	1	1
ERR4783228_1	1	1	0.5	1	1	0.5	1	1	1	1	1
ERR4783228_2	1	1	0.5	1	1	0.5	1	1	1	1	1
ERR4783231_1	1	1	0.5	1	1	0.5	1	1	1	1	1
ERR4783231_2	1	1	0.5	1	1	0.5	1	1	1	1	1
ERR4783239_1	1	1	0.5	1	1	0.5	1	1	1	1	1
ERR4783239_2	1	1	0.5	1	1	0.5	1	1	1	1	1
ERR4783244_1	1	1	0.5	1	1	0.5	1	1	1	1	1
ERR4783244_2	1	1	0.5	1	1	0.5	1	1	1	1	1
ERR4783250_1	1	1	0.5	1	1	0.5	1	1	1	1	1
ERR4783250_2	1	1	0.5	1	1	0.5	1	1	1	1	1
ERR4783252_1	1	1	0.5	1	1	0.5	1	1	1	1	1
ERR4783252_2	1	1	0.5	1	1	0.5	1	1	1	1	1
ERR4783258_1	1	1	0.5	1	1	0.5	1	1	1	1	1
ERR4783258_2	1	1	0.5	1	1	0.5	1	1	1	1	1
ERR4783259_1	1	1	0.5	1	1	0.5	1	1	1	1	1
ERR4783259_2	1	1	0.5	1	1	0.5	1	1	1	1	1
ERR4783264_1	1	1	0.5	1	1	0.5	1	1	1	1	1
ERR4783264_2	1	1	0.5	1	1	0.5	1	1	1	1	1
ERR4783385_1	1	1	1	1	1	0.5	1	1	1	1	1
ERR4783385_2	1	1	0.5	1	1	0.5	1	1	1	1	1
ERR4783387_1	1	1	1	1	1	0.5	1	1	1	1	1
ERR4783387_2	1	1	0.5	1	1	0.5	1	1	1	1	1
ERR4783391_1	1	1	1	1	1	0.5	1	1	1	1	1
ERR4783391_2	1	1	0.5	1	1	0.5	1	1	1	1	1
ERR4783394_1	1	1	1	1	1	0.5	1	1	1	1	1
ERR4783394_2	1	1	0.5	1	1	0.5	1	1	1	1	1
ERR4783401_1	1	1	1	1	1	0.5	1	1	1	1	1
ERR4783401_2	1	1	0.5	1	1	0.5	1	1	1	1	1
ERR4783411_1	1	1	1	1	1	0.5	1	1	1	1	1
ERR4783411_2	1	1	0.5	1	1	0.5	1	1	1	1	1
ERR4783413_1	1	1	1	1	1	0.5	1	1	1	1	1
ERR4783413_2	1	1	0.5	1	1	0.5	1	1	1	1	1
ERR4783415_1	1	1	1	1	1	0.5	1	1	1	1	1
ERR4783415_2	1	1	0.5	1	1	0.5	1	1	1	1	1
ERR4783417_1	1	1	1	1	1	0.5	1	1	1	1	1
ERR4783417_2	1	1	0.5	1	1	0.5	1	1	1	1	1
ERR4783419_1	1	1	1	1	1	0.5	1	1	1	1	1
ERR4783419_2	1	1	0.5	1	1	0.5	1	1	1	1	1
ERR4783518_1	1	1	0.5	1	1	0.5	1	1	1	1	1
ERR4783518_2	1	1	0.5	1	1	0.5	1	1	1	1	1
ERR4919979_1	1	0.5	0	1	0.25	0.5	1	0.5	1	1	1
ERR4919979_2	1	0.25	0	1	0.25	0.5	1	0.5	1	1	1
ERR4919980_1	1	0.5	0	1	0.25	0.5	1	0.5	1	1	1
ERR4919980_2	1	0.25	0	1	0.25	0.5	1	0.5	1	1	1
ERR4919981_1	1	0.5	0	1	0.25	0.5	1	0.5	1	1	1
ERR4919981_2	1	0.25	0	1	0.25	0.5	1	0.5	1	1	1
ERR4919983_1	1	0.5	0	1	0.25	0.5	1	0.5	1	1	1
ERR4919983_2	1	0.25	0	1	0.25	0.5	1	0.5	1	1	1
ERR4919984_1	1	0.5	0	1	0.25	0.5	1	0.5	1	1	1
ERR4919984_2	1	0.25	0	1	0.25	0.5	1	0.5	1	1	1
ERR4919985_1	1	0.5	0	1	0.25	0.5	1	0.5	1	1	1
ERR4919985_2	1	0.25	0	1	0.25	0.5	1	0.5	1	1	1
ERR4919991_1	1	0.5	0	1	0.25	1	1	0.5	1	1	1
ERR4919991_2	1	0.25	0	1	0.25	1	1	0.5	1	1	1
ERR4919992_1	1	0.25	0	1	0.25	1	1	0.5	1	1	1
ERR4919992_2	1	0.25	0	1	0.25	1	1	0.5	1	1	1
ERR4919993_1	1	0.5	0	1	0.25	1	1	0.5	1	1	1
ERR4919993_2	1	0.25	0	1	0.25	0.5	1	0.5	1	1	1
ERR4920008_1	1	1	0	1	0.25	0.5	1	0.5	1	0.5	1
ERR4920008_2	1	0.25	0	1	0.25	0.5	1	0.5	1	0.5	1
ERR4920011_1	1	0.5	0	1	0.25	0.5	1	0.5	1	1	1
ERR4920011_2	1	0.25	0	1	0.25	0.5	1	0.5	1	0.5	1
ERR4920012_1	1	0.5	0	1	0.25	0.5	1	0.5	1	1	1
ERR4920012_2	1	0.25	0	1	0.25	0.5	1	0.5	1	1	1
ERR4920013_1	1	0.5	0	1	0.25	0.5	1	0.5	1	1	1
ERR4920013_2	1	0.25	0	1	0.25	0.5	1	0.5	1	0.5	1
ERR4999559_1	1	1	1	1	0.25	0.5	1	0.5	1	1	1
ERR4999559_2	1	1	1	1	0.25	0.5	1	0.5	1	1	1
ERR4999560_1	1	1	0	1	0.25	0.5	1	0.5	1	0.5	1
ERR4999560_2	1	1	0	1	0.5	0.5	1	0.5	1	0.5	1
ERR4999561_1	1	1	1	1	0.25	0.5	1	0.5	1	0.5	1
ERR4999561_2	1	1	1	1	0.25	0.5	1	0.5	1	0.5	1
ERR4999562_1	1	1	0	1	0.25	0.5	1	0.5	1	1	1
ERR4999562_2	1	1	0	1	0.25	0.5	1	0.5	1	1	1
ERR4999563_1	1	1	1	1	0.25	1	1	0.5	1	1	1
ERR4999563_2	1	1	0.25	1	0.25	1	1	0.5	1	1	1
ERR4999564_1	1	1	0	1	0.25	0.5	1	0.5	1	0.5	1
ERR4999564_2	1	1	0	1	0.25	0.5	1	0.5	1	0.5	1
ERR4999566_1	1	1	0	1	0.25	0.5	1	0.5	1	0.5	1
ERR4999566_2	1	1	0	1	0.25	0.5	1	0.5	1	0.5	1
ERR4999567_1	1	1	0	1	0.25	0.5	1	0.5	1	1	1
ERR4999567_2	1	1	0	1	0.25	0.5	1	0.5	1	1	1
ERR4999568_1	1	1	0	1	0.25	0.5	1	0.5	1	0.5	1
ERR4999568_2	1	1	0	1	0.25	0.5	1	0.5	1	0.5	1
ERR4999569_1	1	1	0	1	0.25	0.5	1	0.5	1	0.5	1
ERR4999569_2	1	1	0	1	0.25	0.5	1	0.5	1	0.5	1
ERR4999570_1	1	1	0	1	0.25	0.5	1	0.5	1	0.5	1
ERR4999570_2	1	1	0	1	0.25	0.5	1	0.5	1	0.5	1
ERR4999571_1	1	1	0	1	0.25	1	1	0.5	1	1	1
ERR4999571_2	1	1	0	1	0.25	1	1	0.5	1	1	1
ERR4999572_1	1	1	0	1	0.25	0.5	1	0.5	1	0.5	1
ERR4999572_2	1	1	0	1	0.25	0.5	1	0.5	1	0.5	1
ERR4999574_1	1	1	0	1	0.25	0.5	1	0.5	1	0.5	1
ERR4999574_2	1	1	0	1	0.25	0.5	1	0.5	1	0.5	1
ERR4999575_1	1	1	0	1	0.25	0.5	1	0.5	1	1	1
ERR4999575_2	1	1	0	1	0.25	1	1	0.5	1	1	1
ERR4999577_1	1	1	0	1	0.25	1	1	0.5	1	1	1
ERR4999577_2	1	1	0	1	0.25	1	1	0.5	1	1	1
ERR5000113_1	1	1	0	1	0.25	0.5	1	0.5	1	0.5	1
ERR5000113_2	1	1	0	1	0.25	0.5	1	0.5	1	0.5	1
ERR5000114_1	1	1	0	1	0.25	0.5	1	0.5	1	1	1
ERR5000114_2	1	1	0	1	0.25	0.5	1	0.5	1	1	1
ERR5000123_1	1	1	0	1	0.25	0.5	1	0.5	1	1	1
ERR5000123_2	1	1	0	1	0.25	0.5	1	0.5	1	1	1
ERR5000189_1	1	1	0	1	0.25	0.5	1	0.5	1	0.5	1
ERR5000189_2	1	1	0	1	0.25	0.5	1	0.5	1	0.5	1
ERR5000190_1	1	1	0	1	0.25	1	1	0.5	1	1	1
ERR5000190_2	1	1	0	1	0.25	1	1	0.5	1	1	1
ERR5000204_1	1	1	0	1	0.25	0.5	1	0.5	0.5	1	1
ERR5000204_2	1	1	0	1	0.25	0.5	1	0.5	1	1	1
ERR5205865_1	1	0.25	0	1	0.25	0.5	1	0.5	1	1	1
ERR5205865_2	1	0.25	0	1	0.25	0.5	1	0.5	1	1	1
ERR5205866_1	1	0.25	0	1	0.25	0.5	1	0.5	1	1	1
ERR5205866_2	1	0.25	0	1	0.25	0.5	1	0.5	1	1	1
ERR5205867_1	1	0.25	0	1	0.25	0.5	1	0.5	1	0.5	1
ERR5205867_2	1	0.25	0	1	0.25	0.5	1	0.5	1	0.5	1
ERR5205868_1	1	0.25	0	1	0.25	0.5	1	0.5	1	0.5	1
ERR5205868_2	1	0.25	0	1	0.25	0.5	1	0.5	1	0.5	1
ERR5205869_1	1	0.25	0	1	0.25	1	1	0.5	0.5	1	1
ERR5205869_2	1	0.25	0	1	0.25	1	1	0.5	0.5	1	1
ERR5205871_1	1	0.25	0	1	0.25	0.5	1	0.5	1	1	1
ERR5205871_2	1	0.25	0	1	0.25	0.5	1	0.5	1	1	1
ERR6938061_1	1	1	0.5	1	1	1	1	1	1	1	1
ERR6938061_2	1	1	0.5	1	1	0.5	1	1	1	1	1
ERR6938074_1	1	1	0.5	1	1	0.5	1	1	1	1	1
ERR6938074_2	1	1	0.5	1	1	1	1	1	1	1	1
ERR6938077_1	1	1	0.5	1	1	0.5	1	1	1	1	1
ERR6938077_2	1	1	0.5	1	1	0.5	1	1	1	1	1
ERR6938084_1	1	1	0.5	1	1	0.5	1	1	1	1	1
ERR6938084_2	1	1	0.5	1	1	0.5	1	1	1	1	1
ERR6938087_1	1	1	0.5	1	1	0.5	1	1	1	1	1
ERR6938087_2	1	1	0.5	1	1	0.5	1	1	1	1	1
ERR6938090_1	1	1	0.5	1	1	0.5	1	1	1	1	1
ERR6938090_2	1	1	0.5	1	1	1	1	1	1	1	1
ERR6938093_1	1	1	0.5	1	1	0.5	1	1	1	1	1
ERR6938093_2	1	1	0.5	1	1	1	1	1	1	1	1
ERR6938096_1	1	1	0.5	1	1	0.5	1	1	1	1	1
ERR6938096_2	1	1	0.25	1	1	0.5	1	1	1	1	1
ERR6938099_1	1	1	0.5	1	1	0.5	1	1	1	1	1
ERR6938099_2	1	1	0.5	1	1	0.5	1	1	1	1	1
ERR6938111_1	1	1	0.5	1	1	0.5	1	1	1	1	1
ERR6938111_2	1	1	0.5	1	1	0.5	1	1	1	1	1
ERR6938114_1	1	1	0.5	1	1	1	1	1	1	1	1
ERR6938114_2	1	1	0.5	1	1	1	1	1	1	1	1
ERR6938153_1	1	1	0.5	1	1	0.5	1	1	1	1	1
ERR6938153_2	1	1	0.5	1	1	0.5	1	1	1	1	1
ERR6938409_1	1	1	1	1	1	1	1	1	1	1	1
ERR6938409_2	1	1	1	1	1	1	1	1	1	1	1
ERR6938479_1	1	1	1	1	1	1	1	1	1	1	1
ERR6938479_2	1	1	1	1	1	0.5	1	1	1	1	1
ERR6938729_1	1	1	1	1	1	1	1	1	1	1	1
ERR6938729_2	1	1	1	1	1	1	1	1	1	1	1
ERR6938731_1	1	1	1	1	1	0.5	1	1	1	1	1
ERR6938731_2	1	1	1	1	1	0.5	1	1	1	1	1
ERR6938732_1	1	1	1	1	1	1	1	1	1	1	1
ERR6938732_2	1	1	1	1	1	0.5	1	1	1	1	1
ERR6938733_1	1	1	1	1	1	0.5	1	1	1	1	1
ERR6938733_2	1	1	1	1	1	0.5	1	1	1	1	1
ERR6938734_1	1	1	1	1	1	0.5	1	1	1	1	1
ERR6938734_2	1	1	1	1	1	0.5	1	1	1	1	1
ERR6938735_1	1	1	1	1	1	0.5	1	1	1	1	1
ERR6938735_2	1	1	1	1	1	0.5	1	1	1	1	1
ERR6938736_1	1	1	1	1	1	1	1	1	1	1	1
ERR6938736_2	1	1	1	1	1	0.5	1	1	1	1	1
ERR6938737_1	1	1	1	1	1	0.5	1	1	1	1	1
ERR6938737_2	1	1	1	1	1	0.5	1	1	1	1	1
ERR6938738_1	1	1	1	1	1	0.5	1	1	1	1	1
ERR6938738_2	1	1	1	1	1	0.5	1	1	1	1	1
ERR6938739_1	1	1	1	1	1	0.5	1	1	1	1	1
ERR6938739_2	1	1	0.5	1	1	0.5	1	1	1	1	1
ERR6938740_1	1	1	1	1	1	0.5	1	1	1	1	1
ERR6938740_2	1	1	1	1	1	0.5	1	1	1	1	1
ERR6938741_1	1	1	1	1	1	0.5	1	1	1	1	1
ERR6938741_2	1	1	1	1	1	0.5	1	1	1	1	1
ERR6938743_1	1	1	1	1	1	0.5	1	1	1	1	1
ERR6938743_2	1	1	1	1	1	0.5	1	1	1	1	1
ERR6938745_1	1	1	1	1	1	0.5	1	1	1	1	1
ERR6938745_2	1	1	1	1	1	0.5	1	1	1	1	1
ERR6938749_1	1	1	1	1	1	0.5	1	1	1	1	1
ERR6938749_2	1	1	1	1	1	0.5	1	1	1	1	1
ERR6938913_1	1	1	1	1	1	0.5	1	1	1	1	1
ERR6938913_2	1	1	1	1	1	0.5	1	1	1	1	1
ERR6938928_1	1	1	1	1	1	0.5	1	1	1	1	1
ERR6938928_2	1	1	1	1	1	0.5	1	1	1	1	1
ERR6938929_1	1	1	1	1	1	0.5	1	1	1	1	1
ERR6938929_2	1	1	1	1	1	0.5	1	1	1	1	1
ERR6938931_1	1	1	1	1	1	0.5	1	1	1	1	1
ERR6938931_2	1	1	1	1	1	0.5	1	1	1	1	1
ERR7226293_1	1	1	1	1	1	1	1	1	1	1	1
ERR7226293_2	1	1	1	1	1	1	1	1	1	1	1
ERR7226295_1	1	1	1	1	1	1	1	1	1	1	1
ERR7226295_2	1	1	1	1	1	1	1	1	1	1	1
ERR7226554_1	1	1	1	1	1	0.5	1	1	1	1	1
ERR7226554_2	1	1	1	1	1	0.5	1	1	1	1	1
ERR7226556_1	1	1	1	1	1	0.5	1	1	1	1	1
ERR7226556_2	1	1	1	1	1	0.5	1	1	1	1	1
ERR7226586_1	1	1	1	1	1	0.5	1	1	1	1	1
ERR7226586_2	1	1	1	1	1	0.5	1	1	1	1	1
ERR7226588_1	1	1	1	1	1	0.5	1	1	1	1	1
ERR7226588_2	1	1	1	1	1	0.5	1	1	1	1	1
ERR7226590_1	1	1	1	1	1	0.5	1	1	1	1	1
ERR7226590_2	1	1	1	1	1	0.5	1	1	1	1	1
ERR7226592_1	1	1	1	1	1	0.5	1	1	1	1	1
ERR7226592_2	1	1	1	1	1	0.5	1	1	1	1	1
ERR7226594_1	1	1	1	1	1	0.5	1	1	1	1	1
ERR7226594_2	1	1	1	1	1	0.5	1	1	1	1	1
ERR7226612_1	1	1	1	1	1	0.5	1	1	1	1	1
ERR7226612_2	1	1	1	1	1	0.5	1	1	1	1	1
ERR7226614_1	1	1	1	1	1	0.5	1	1	1	1	1
ERR7226614_2	1	1	1	1	1	0.5	1	1	1	1	1
ERR7226616_1	1	1	1	1	1	0.5	1	1	1	1	1
ERR7226616_2	1	1	1	1	1	0.5	1	1	1	1	1
ERR7226618_1	1	1	1	1	1	0.5	1	1	1	1	1
ERR7226618_2	1	1	1	1	1	0.5	1	1	1	1	1
ERR7226620_1	1	1	1	1	1	0.5	1	1	1	1	1
ERR7226620_2	1	1	1	1	1	0.5	1	1	1	1	1
ERR7226622_1	1	1	1	1	1	0.5	1	1	1	1	1
ERR7226622_2	1	1	1	1	1	0.5	1	1	1	1	1
ERR7226626_1	1	1	1	1	1	0.5	1	1	1	1	1
ERR7226626_2	1	1	1	1	1	0.5	1	1	1	1	1
ERR7226644_1	1	1	1	1	1	0.5	1	1	1	1	1
ERR7226644_2	1	1	1	1	1	0.5	1	1	1	1	1
ERR7226646_1	1	1	1	1	1	0.5	1	1	1	1	1
ERR7226646_2	1	1	1	1	1	0.5	1	1	1	1	1
ERR7226648_1	1	1	1	1	1	0.5	1	1	1	1	1
ERR7226648_2	1	1	1	1	1	0.5	1	1	1	1	1
ERR7226650_1	1	1	1	1	1	0.5	1	1	1	1	1
ERR7226650_2	1	1	1	1	1	0.5	1	1	1	1	1
ERR7226654_1	1	1	1	1	1	0.5	1	1	1	1	1
ERR7226654_2	1	1	1	1	1	0.5	1	1	1	1	1
ERR7226656_1	1	1	1	1	1	0.5	1	1	1	1	1
ERR7226656_2	1	1	1	1	1	0.5	1	1	1	1	1
ERR7226658_1	1	1	1	1	1	0.5	1	1	1	1	1
ERR7226658_2	1	1	1	1	1	0.5	1	1	1	1	1
ERR7226676_1	1	1	1	1	1	0.5	1	1	1	1	1
ERR7226676_2	1	1	1	1	1	0.5	1	1	1	1	1
ERR7226678_1	1	1	1	1	1	0.5	1	1	1	1	1
ERR7226678_2	1	1	1	1	1	0.5	1	1	1	1	1
ERR7226680_1	1	1	1	1	1	0.5	1	1	1	1	1
ERR7226680_2	1	1	1	1	1	0.5	1	1	1	1	1
ERR7226688_1	1	1	1	1	1	1	1	1	1	1	1
ERR7226688_2	1	1	1	1	1	0.5	1	1	1	1	1
ERR7226690_1	1	1	1	1	1	0.5	1	1	1	1	1
ERR7226690_2	1	1	1	1	1	0.5	1	1	1	1	1
ERR8024946_1	1	0.5	0	1	0.25	0.5	1	0.5	1	1	1
ERR8024946_2	1	0.25	0	1	0.25	1	1	0.5	1	1	1
ERR8024947_1	1	1	0	1	0.25	0.5	1	0.5	1	0.5	1
ERR8024947_2	1	0.25	0	1	0.25	0.5	1	0.5	1	0.5	1
ERR8024950_1	1	1	0	1	0.25	0.5	1	0.5	1	1	1
ERR8024950_2	1	0.5	0	1	0.25	0.5	1	0.5	1	1	1
ERR8024951_1	1	0.5	0	1	0.25	1	1	0.5	1	1	1
ERR8024951_2	1	0.25	0	1	0.25	1	1	0.5	1	1	1
ERR8024959_1	1	0.5	0	1	0.25	0.5	1	0.5	1	1	1
ERR8024959_2	1	0.25	0	1	0.25	1	1	0.5	1	1	1
SRR10583096_1	1	1	0	1	0.25	1	1	0.5	1	1	1
SRR10583096_2	1	1	0	1	0.25	1	1	0.5	1	1	1
SRR11514880_1	1	1	0	1	0.25	0.5	1	0.5	1	1	1
SRR11514880_2	1	1	0	1	0.25	0.5	1	0.5	1	1	1
SRR11589174_1	1	0.25	0	1	0.25	0.5	1	0.5	1	0.5	1
SRR11589174_2	1	0.25	0	1	0.25	0.5	1	0.5	1	0.5	1
SRR11589267_1	1	1	0	1	0.5	0.5	1	1	1	0.25	0.5
SRR11589267_2	1	0.5	0	1	0.5	0.5	1	1	1	0.5	0.5
SRR12905336_1	1	1	0	1	0.25	1	1	0.5	1	1	1
SRR12905336_2	1	1	0	1	0.25	1	1	0.5	1	1	1
SRR12905337_1	1	1	0	1	0.25	0.5	1	0.5	1	0.5	1
SRR12905337_2	1	1	0	1	0.25	0.5	1	0.5	1	0.5	1
SRR12905338_1	1	1	0	1	0.25	1	1	0.5	1	1	1
SRR12905338_2	1	1	0	1	0.25	1	1	0.5	1	1	1
SRR12905341_1	1	1	0	1	0.25	1	1	0.5	1	1	1
SRR12905341_2	1	1	0	1	0.25	1	1	0.5	1	1	1
SRR13327178_1	1	0.25	0	1	0.25	1	1	0.5	1	1	1
SRR13327178_2	1	0.25	0	1	0.25	1	0.5	0.5	1	1	1
SRR13327179_1	1	0.25	0	1	0.25	1	1	0.5	0.5	1	1
SRR13327179_2	1	0.25	0	1	0.25	1	0.5	0.5	1	1	1
SRR13327181_1	1	0.25	0	1	0.25	1	1	0.5	0.5	1	1
SRR13327181_2	1	0.25	0	1	0.25	1	0.5	0.5	0.5	1	1
SRR13327185_1	1	0.25	0	1	0.25	0.5	1	0.5	0.5	0.5	1
SRR13327185_2	1	0.25	0	1	0.25	0.5	0.5	0.5	0.5	0.5	1
SRR13327186_1	1	0.25	0	1	0.25	1	1	0.5	1	1	1
SRR13327186_2	1	0.25	0	1	0.25	1	0.5	0.5	1	1	1
SRR13327187_1	1	0.25	0	1	0.25	1	1	0.5	0.5	1	1
SRR13327187_2	1	0.25	0	1	0.25	1	0.5	0.5	1	1	1
SRR13327189_1	1	0.25	0	1	0.25	1	1	0.5	0.5	0.5	1
SRR13327189_2	1	0.25	0	1	0.25	1	0.5	0.5	0.5	0.5	1
SRR13327190_1	1	0.25	0	1	0.25	1	1	0.5	0.5	1	1
SRR13327190_2	1	0.25	0	1	0.25	1	0.5	0.5	0.5	1	1
SRR13327191_1	1	0.25	0	1	0.25	1	1	0.5	1	1	1
SRR13327191_2	1	0.25	0	1	0.25	1	0.5	0.5	1	1	1
SRR13327192_1	1	0.25	0	1	0.25	1	1	0.5	1	1	1
SRR13327192_2	1	0.25	0	1	0.25	1	0.5	0.5	1	1	1
SRR13327193_1	1	0.25	0	1	0.25	1	1	0.5	1	0.5	1
SRR13327193_2	1	0.25	0	1	0.25	1	0.5	0.5	1	0.5	1
SRR13327194_1	1	0.25	0	1	0.25	1	1	0.5	1	1	1
SRR13327194_2	1	0.25	0	1	0.25	1	0.5	0.5	1	1	1
SRR13327196_1	1	0.25	0	1	0.25	1	1	0.5	0.5	1	1
SRR13327196_2	1	0.25	0	1	0.25	1	0.5	0.5	0.5	1	1
SRR13327198_1	1	0.25	0	1	0.25	1	1	0.5	1	1	1
SRR13327198_2	1	0.25	0	1	0.25	1	0.5	0.5	1	1	1
SRR13327199_1	1	0.25	0	1	0.25	1	1	0.5	0.5	0.5	1
SRR13327199_2	1	0.25	0	1	0.25	1	0.5	0.5	0.5	0.5	1
SRR13327200_1	1	0.25	0	1	0.25	1	1	0.5	1	0.5	1
SRR13327200_2	1	0.25	0	1	0.25	1	0.5	0.5	1	0.5	1
SRR13327201_1	1	0.25	0	1	0.25	1	1	0.5	0.5	1	1
SRR13327201_2	1	0.25	0	1	0.25	1	0.5	0.5	1	1	1
SRR13327203_1	1	0.25	0	1	0.25	1	1	0.5	0.5	1	1
SRR13327203_2	1	0.25	0	1	0.25	1	0.5	0.5	1	1	1
SRR13327204_1	1	0.25	0	1	0.25	0.5	1	0.5	1	1	1
SRR13327204_2	1	0.25	0	1	0.25	1	0.5	0.5	1	1	1
SRR13327205_1	1	0.25	0	1	0.25	1	1	0.5	0.5	0.5	1
SRR13327205_2	1	0.25	0	1	0.25	1	0.5	0.5	0.5	0.5	1
SRR13327206_1	1	0.25	0	1	0.25	1	1	0.5	1	1	1
SRR13327206_2	1	0.25	0	1	0.25	1	0.5	0.5	1	1	1
SRR13327207_1	1	0.25	0	1	0.25	1	1	0.5	0.5	1	1
SRR13327207_2	1	0.25	0	1	0.25	1	0.5	0.5	0.5	1	1
SRR13401434_1	1	0.25	0	1	0.25	0.5	1	0.5	1	1	1
SRR13401434_2	1	0.25	0	1	0.25	0.5	1	0.5	1	1	1
SRR13430624_1	1	0.25	0	1	0.25	1	1	0.5	0.5	1	1
SRR13430624_2	1	0.25	0	1	0.25	1	1	0.5	0.5	1	1
SRR13430625_1	1	0.25	0	1	0.25	0.5	1	0.5	1	1	1
SRR13430625_2	1	0.25	0	1	0.25	0.5	1	0.5	1	1	1
SRR13430626_1	1	0.25	0	1	0.25	0.5	1	0.5	1	1	1
SRR13430626_2	1	0.25	0	1	0.25	0.5	1	0.5	1	1	1
SRR13430627_1	1	0.25	0	1	0.25	0.5	1	0.5	0.5	1	1
SRR13430627_2	1	0.25	0	1	0.25	0.5	1	0.5	0.5	1	1
SRR14100602_1	1	0.25	0	1	0.25	0.5	1	0.5	1	1	1
SRR14100602_2	1	0.25	0	1	0.25	0.5	1	0.5	1	1	1
SRR14101519_1	1	0.25	0	1	0.25	0.25	1	0.5	0.25	0.5	1
SRR14101519_2	1	0.25	0	1	0.25	0.25	1	0.5	0.25	0.5	1
SRR14101547_1	1	0.25	0	1	0.25	0.5	1	0.5	0.5	1	1
SRR14101547_2	1	0.25	0	1	0.25	0.5	1	0.5	0.5	1	1
SRR14101709_1	1	0.25	0	1	0.25	1	1	0.5	0.5	0.5	1
SRR14101709_2	1	0.25	0	1	0.25	1	1	0.5	0.5	0.5	1
SRR14101949_1	1	0.25	0	1	0.25	0.5	1	0.5	0.5	0.5	1
SRR14101949_2	1	0.25	0	1	0.25	0.5	1	0.5	0.5	0.5	1
SRR14102219_1	1	0.25	0	1	0.25	1	1	0.5	1	1	1
SRR14102219_2	1	0.25	0	1	0.25	1	1	0.5	1	1	1
SRR14102306_1	1	0.25	0	1	0.25	1	1	0.5	1	1	1
SRR14102306_2	1	0.25	0	1	0.25	1	1	0.5	1	1	1
SRR14102521_1	1	0.25	0	1	0.25	0.5	1	0.5	1	0.5	1
SRR14102521_2	1	0.25	0	1	0.25	0.5	1	0.5	1	0.5	1
SRR14116705_1	1	0.25	0	1	0.25	0.5	1	0.5	0.25	0.5	1
SRR14116705_2	1	0.25	0	1	0.25	1	1	0.5	0.25	0.5	1
SRR14116736_1	1	0.25	0	1	0.25	1	1	0.5	1	1	1
SRR14116736_2	1	0.25	0	1	0.25	1	1	0.5	1	1	1
SRR14280111_1	1	1	0	1	0.25	1	1	1	0.5	1	0.25
SRR14280111_2	1	1	0	1	0.25	1	1	1	0.5	1	0.25
SRR14455652_1	1	1	0	1	0.25	1	1	1	0.5	1	0.25
SRR14455652_2	1	1	0	1	0.25	1	1	1	0.5	1	0.25
SRR17931033_1	1	1	0	1	0.5	0.5	1	1	0.5	1	1
SRR17931033_2	1	1	0	1	0.5	0.5	1	1	0.5	1	1
SRR17931048_1	1	1	0	1	0.5	0.5	1	1	0.5	1	1
SRR17931048_2	1	1	0	1	0.5	0.5	1	1	0.5	1	1
SRR17931144_1	1	1	0	1	1	0.5	1	1	0.5	1	1
SRR17931144_2	1	1	0	1	1	0.5	1	1	0.5	1	1
SRR17931145_1	1	1	0	1	1	0.5	1	1	0.5	1	1
SRR17931145_2	1	1	0	1	0.5	0.5	1	1	0.5	1	1
SRR18114233_1	1	1	0	1	0.25	1	1	1	0.5	1	0.25
SRR18114233_2	1	1	0	1	0.25	1	1	1	0.5	1	0.25
SRR19107616_1	1	1	0	1	0.25	0.5	1	1	1	1	0.5
SRR19107616_2	1	0.25	0	1	0.25	0.5	1	1	1	1	1
SRR25445074_1	1	1	1	1	0.25	1	1	1	0.25	1	0.5
SRR25445074_2	1	1	1	1	0.25	1	1	1	0.25	1	0.5
SRR25445075_1	1	1	1	1	0.25	1	1	1	0.25	1	1
SRR25445075_2	1	1	1	1	0.25	1	1	1	0.25	1	1
SRR25445076_1	1	1	1	1	0.25	1	1	1	0.25	1	1
SRR25445076_2	1	1	1	1	0.25	1	1	1	0.25	1	1
SRR25445077_1	1	1	1	1	0.25	1	1	1	0.25	1	1
SRR25445077_2	1	1	1	1	0.25	1	1	1	0.25	1	1
SRR25445078_1	1	1	1	1	0.25	1	1	1	0.25	1	0.5
SRR25445078_2	1	1	1	1	0.25	1	1	1	0.25	1	0.5
SRR25445079_1	1	1	1	1	0.25	1	1	1	0.5	1	1
SRR25445079_2	1	1	1	1	0.25	1	1	1	0.5	1	1
SRR25445080_1	1	1	1	1	0.25	1	1	1	0.25	1	0.5
SRR25445080_2	1	1	1	1	0.25	0.5	1	1	0.25	1	0.5
SRR25445081_1	1	1	1	1	0.25	1	1	1	0.25	1	1
SRR25445081_2	1	1	1	1	0.25	1	1	1	0.25	1	1
SRR25445082_1	1	1	1	1	0.25	1	1	1	0.25	1	1
SRR25445082_2	1	1	1	1	0.25	0.5	1	1	0.25	1	1
SRR25445083_1	1	1	1	1	0.25	1	1	1	0.25	1	1
SRR25445083_2	1	1	1	1	0.25	0.5	1	1	0.25	1	1
SRR25445084_1	1	1	1	1	0.25	1	1	1	0.25	1	1
SRR25445084_2	1	1	1	1	0.25	1	1	1	0.25	1	1
SRR25445085_1	1	1	1	1	0.25	1	1	1	0.25	1	0.5
SRR25445085_2	1	1	1	1	0.25	0.5	1	1	0.25	1	0.5
SRR25445086_1	1	1	1	1	0.25	1	1	1	0.25	1	1
SRR25445086_2	1	1	1	1	0.25	0.5	1	1	0.25	1	1
SRR25445087_1	1	1	1	1	0.25	1	1	1	0.25	1	0.5
SRR25445087_2	1	1	1	1	0.25	0.5	1	1	0.25	1	0.5
SRR25445088_1	1	1	1	1	0.25	1	1	1	0.25	1	0.5
SRR25445088_2	1	1	1	1	0.25	1	1	1	0.25	1	0.5
SRR25445089_1	1	1	1	1	0.25	1	1	1	0.25	1	0.5
SRR25445089_2	1	1	1	1	0.25	1	1	1	0.25	1	0.5
SRR25445090_1	1	1	1	1	0.25	1	1	1	0.25	1	0.5
SRR25445090_2	1	1	1	1	0.25	1	1	1	0.25	1	0.5
SRR25445091_1	1	1	1	1	0.25	1	1	1	0.25	1	1
SRR25445091_2	1	1	1	1	0.25	0.5	1	1	0.25	1	1
SRR25445092_1	1	1	1	1	0.25	1	1	1	0.25	1	0.5
SRR25445092_2	1	1	1	1	0.25	0.5	1	1	0.25	1	0.5
SRR25445093_1	1	1	1	1	0.25	1	1	1	0.25	1	1
SRR25445093_2	1	1	1	1	0.25	1	1	1	0.25	1	1
SRR25445094_1	1	1	1	1	0.25	1	1	1	0.25	1	1
SRR25445094_2	1	1	1	1	0.25	0.5	1	1	0.25	1	1
SRR25445095_1	1	1	1	1	0.25	1	1	1	0.25	1	1
SRR25445095_2	1	1	1	1	0.25	0.5	1	1	0.5	1	1
SRR25445096_1	1	1	1	1	0.25	1	1	1	0.25	1	1
SRR25445096_2	1	1	1	1	0.25	0.5	1	1	0.25	1	1
SRR25445097_1	1	1	1	1	0.25	1	1	1	0.25	1	1
SRR25445097_2	1	1	1	1	0.25	1	1	1	0.25	1	1
SRR25445098_1	1	1	1	1	0.25	1	1	1	0.25	1	1
SRR25445098_2	1	1	1	1	0.25	1	1	1	0.25	1	1
SRR25445099_1	1	1	1	1	0.25	1	1	1	0.25	1	0.5
SRR25445099_2	1	1	1	1	0.25	1	1	1	0.25	1	0.5
SRR25445100_1	1	1	1	1	0.25	1	1	1	0.25	1	1
SRR25445100_2	1	1	1	1	0.25	0.5	1	1	0.25	1	1
SRR25445101_1	1	1	1	1	0.25	1	1	1	0.25	1	1
SRR25445101_2	1	1	1	1	0.25	1	1	1	0.25	1	1
SRR25445102_1	1	1	1	1	0.25	1	1	1	0.25	1	0.5
SRR25445102_2	1	1	1	1	0.25	0.5	1	1	0.25	1	0.5
SRR25445103_1	1	1	1	1	0.25	1	1	1	0.25	1	1
SRR25445103_2	1	1	1	1	0.25	1	1	1	0.25	1	1
SRR25445104_1	1	1	1	1	0.25	1	1	1	0.25	1	1
SRR25445104_2	1	1	1	1	0.25	0.5	1	1	0.25	1	1
SRR25445105_1	1	1	1	1	0.25	1	1	1	0.25	1	1
SRR25445105_2	1	1	1	1	0.25	0.5	1	1	0.25	1	1
SRR25445106_1	1	1	1	1	0.25	1	1	1	0.25	1	0.5
SRR25445106_2	1	1	1	1	0.25	1	1	1	0.25	1	0.5
SRR25445107_1	1	1	1	1	0.25	1	1	1	0.25	1	1
SRR25445107_2	1	1	1	1	0.25	0.5	1	1	0.25	1	1
SRR25445108_1	1	1	1	1	0.25	1	1	1	0.25	1	1
SRR25445108_2	1	1	1	1	0.25	0.5	1	1	0.5	1	1
SRR25445109_1	1	1	1	1	0.25	1	1	1	0.25	1	0.5
SRR25445109_2	1	1	1	1	0.25	1	1	1	0.25	1	0.5
SRR25445110_1	1	1	1	1	0.25	1	1	1	0.25	1	0.5
SRR25445110_2	1	1	1	1	0.25	1	1	1	0.25	1	0.5
SRR25445111_1	1	1	1	1	0.25	1	1	1	0.25	1	1
SRR25445111_2	1	1	1	1	0.25	0.5	1	1	0.25	1	1
SRR25445112_1	1	1	1	1	0.25	1	1	1	0.25	1	0.5
SRR25445112_2	1	1	1	1	0.25	1	1	1	0.25	1	0.5
SRR25445113_1	1	1	1	1	0.25	1	1	1	0.25	1	1
SRR25445113_2	1	1	1	1	0.25	1	1	1	0.25	1	1
SRR25445114_1	1	1	1	1	0.25	1	1	1	0.25	1	0.5
SRR25445114_2	1	1	1	1	0.25	1	1	1	0.25	1	0.5
SRR25445115_1	1	1	1	1	0.25	1	1	1	0.25	1	1
SRR25445115_2	1	1	1	1	0.25	1	1	1	0.25	1	1
SRR25445116_1	1	1	1	1	0.25	1	1	1	0.25	1	1
SRR25445116_2	1	1	1	1	0.25	0.5	1	1	0.25	1	1
SRR25445117_1	1	1	1	1	0.25	1	1	1	0.25	1	1
SRR25445117_2	1	1	1	1	0.25	1	1	1	0.25	1	1
SRR25445118_1	1	1	1	1	0.25	1	1	1	0.5	1	1
SRR25445118_2	1	1	1	1	0.25	1	1	1	0.5	1	1
SRR25445119_1	1	1	1	1	0.25	1	1	1	0.25	1	0.5
SRR25445119_2	1	1	1	1	0.25	1	1	1	0.25	1	0.5
SRR25445120_1	1	1	1	1	0.25	1	1	1	0.25	1	1
SRR25445120_2	1	1	1	1	0.25	1	1	1	0.25	1	1
SRR25445121_1	1	1	1	1	0.25	1	1	1	0.25	1	1
SRR25445121_2	1	1	1	1	0.25	0.5	1	1	0.25	1	1
SRR25445122_1	1	1	1	1	0.25	1	1	1	0.25	1	1
SRR25445122_2	1	1	1	1	0.25	1	1	1	0.5	1	1
SRR25445123_1	1	1	1	1	0.25	1	1	1	0.25	1	0.5
SRR25445123_2	1	1	1	1	0.25	1	1	1	0.25	1	0.5
SRR25445124_1	1	1	1	1	0.25	1	1	1	0.5	1	1
SRR25445124_2	1	1	1	1	0.25	1	1	1	0.5	1	1
SRR25445125_1	1	1	1	1	0.25	1	1	1	0.25	1	0.5
SRR25445125_2	1	1	1	1	0.25	1	1	1	0.25	1	0.5
SRR25445126_1	1	1	1	1	0.25	1	1	1	0.25	1	0.5
SRR25445126_2	1	1	1	1	0.25	1	1	1	0.25	1	0.5
SRR25445127_1	1	1	1	1	0.25	1	1	1	0.25	1	0.5
SRR25445127_2	1	1	1	1	0.25	0.5	1	1	0.25	1	0.5
SRR25445128_1	1	1	1	1	0.25	1	1	1	0.25	1	0.5
SRR25445128_2	1	1	1	1	0.25	0.5	1	1	0.25	1	0.5
SRR28167554_1	1	1	1	1	0.25	0.5	1	1	0.5	1	1
SRR28167554_2	1	1	1	1	0.25	0.5	1	1	0.5	1	1
SRR28167555_1	1	1	1	1	0.25	0.5	1	1	0.5	1	0.5
SRR28167555_2	1	1	1	1	0.25	0.5	1	1	0.5	1	0.5
SRR28167556_1	1	1	1	1	0.25	1	1	1	0.5	1	0.5
SRR28167556_2	1	1	1	1	0.25	0.5	1	1	0.5	1	0.5
SRR28167557_1	1	1	1	1	0.25	0.5	1	1	0.5	1	0.5
SRR28167557_2	1	1	1	1	0.25	0.5	1	1	0.5	1	0.5
SRR28167558_1	1	1	1	1	0.25	1	1	1	0.5	1	0.5
SRR28167558_2	1	1	1	1	0.25	1	1	1	0.5	1	0.5
SRR28167559_1	1	1	1	1	0.25	1	1	1	0.5	1	0.5
SRR28167559_2	1	1	1	1	0.25	0.5	1	1	0.5	1	0.5
SRR28167560_1	1	1	1	1	0.25	1	1	1	0.5	1	0.5
SRR28167560_2	1	1	1	1	0.25	1	1	1	0.5	1	0.5
SRR28167561_1	1	1	1	1	0.25	0.5	1	1	0.5	1	0.5
SRR28167561_2	1	1	1	1	0.25	0.5	1	1	0.5	1	0.5
SRR28167562_1	1	1	1	1	0.25	0.5	1	1	0.5	1	0.5
SRR28167562_2	1	1	1	1	0.25	0.5	1	1	0.5	1	0.5
SRR28167563_1	1	1	1	1	0.25	1	1	1	0.5	1	0.5
SRR28167563_2	1	1	1	1	0.25	0.5	1	1	0.5	1	0.5
SRR28167564_1	1	1	1	1	0.25	1	1	1	0.5	1	0.5
SRR28167564_2	1	1	1	1	0.25	1	1	1	0.5	1	0.5
SRR28167565_1	1	1	1	1	0.25	1	1	1	0.5	1	1
SRR28167565_2	1	1	1	1	0.25	0.5	1	1	0.5	1	1
SRR28167566_1	1	1	1	1	0.25	0.5	1	1	0.5	1	1
SRR28167566_2	1	1	1	1	0.25	0.5	1	1	0.5	1	1
SRR28167567_1	1	1	1	1	0.25	1	1	1	0.5	1	0.5
SRR28167567_2	1	1	1	1	0.25	1	1	1	0.5	1	0.5
SRR28167569_1	1	1	1	1	0.25	0.5	1	1	0.5	1	0.25
SRR28167569_2	1	1	1	1	0.25	0.5	1	1	0.5	1	0.25
SRR28167570_1	1	1	1	1	0.25	1	1	1	0.25	1	0.5
SRR28167570_2	1	1	1	1	0.25	1	1	1	0.25	1	0.5
SRR28167571_1	1	1	1	1	0.25	1	1	1	0.5	1	0.25
SRR28167571_2	1	1	1	1	0.25	1	1	1	0.5	1	0.25
SRR28167572_1	1	1	1	1	0.25	0.5	1	1	0.5	1	1
SRR28167572_2	1	1	1	1	0.25	0.5	1	1	0.5	1	1
SRR28167573_1	1	1	1	1	0.25	0.5	1	1	0.5	1	1
SRR28167573_2	1	1	1	1	0.25	0.5	1	1	0.5	1	1
SRR28167574_1	1	1	1	1	0.25	0.5	1	1	0.5	1	1
SRR28167574_2	1	1	1	1	0.25	0.5	1	1	0.5	1	1
SRR28167575_1	1	1	1	1	0.25	0.5	1	1	0.5	1	0.5
SRR28167575_2	1	1	1	1	0.25	0.5	1	1	0.5	1	0.5
SRR28167576_1	1	1	1	1	0.25	1	1	1	0.5	1	0.5
SRR28167576_2	1	1	1	1	0.25	0.5	1	1	0.5	1	0.5
SRR28167577_1	1	1	1	1	0.25	0.5	1	1	0.5	1	1
SRR28167577_2	1	1	1	1	0.25	0.5	1	1	0.5	1	1
SRR28167578_1	1	1	1	1	0.25	1	1	1	0.5	1	0.5
SRR28167578_2	1	1	1	1	0.25	0.5	1	1	0.5	1	0.5
SRR28167579_1	1	1	1	1	0.25	0.5	1	1	0.5	1	1
SRR28167579_2	1	1	1	1	0.25	0.5	1	1	0.5	1	1
SRR28167581_1	1	1	1	1	0.25	0.5	1	1	0.5	1	0.5
SRR28167581_2	1	1	1	1	0.25	0.5	1	1	0.5	1	0.5
SRR28167582_1	1	1	1	1	0.25	1	1	1	0.5	1	0.5
SRR28167582_2	1	1	1	1	0.25	0.5	1	1	0.5	1	1
SRR28167584_1	1	1	1	1	0.25	0.5	1	1	0.5	1	1
SRR28167584_2	1	1	1	1	0.25	0.5	1	1	0.5	1	1
SRR8618098_1	1	1	0	1	0.25	1	1	0.5	0.25	1	1
SRR8618098_2	1	1	0	1	0.25	1	1	0.5	0.25	1	1
SRR8618099_1	1	1	0	1	0.25	0.5	1	0.5	0.25	1	1
SRR8618099_2	1	1	0	1	0.25	0.5	1	0.5	0.25	1	1
SRR9017260_1	1	0.5	0	1	0.25	0.5	1	0.5	1	0.5	1
SRR9017260_2	1	0.25	0	1	0.25	0.5	1	0.5	1	0.5	1
