Sample	fastqc-percent_duplicates	fastqc-percent_gc	fastqc-avg_sequence_length	fastqc-median_sequence_length	fastqc-percent_fails	fastqc-total_sequences
ERR10710700_1	31.686706971381398	38.0	251.0	251	9.090909090909092	1.083059
ERR10710700_2	28.973877273614974	39.0	251.0	251	9.090909090909092	1.083059
ERR10710702_1	23.594497615554317	38.0	251.0	251	9.090909090909092	0.805469
ERR10710702_2	19.528908885163034	40.0	251.0	251	9.090909090909092	0.805469
ERR10710703_1	27.29947077622748	39.0	251.0	251	9.090909090909092	0.900117
ERR10710703_2	26.278402523792337	39.0	251.0	251	9.090909090909092	0.900117
ERR10710705_1	25.957763363363313	39.0	251.0	251	9.090909090909092	0.835345
ERR10710705_2	23.04999113421971	39.0	251.0	251	9.090909090909092	0.835345
ERR10710706_1	24.72728610689728	38.0	251.0	251	9.090909090909092	0.674979
ERR10710706_2	22.867768051823376	39.0	251.0	251	9.090909090909092	0.674979
ERR10710707_1	30.64342787045379	39.0	251.0	251	9.090909090909092	1.072249
ERR10710707_2	27.757961253514765	39.0	251.0	251	9.090909090909092	1.072249
ERR10710709_1	22.469836990330478	39.0	251.0	251	9.090909090909092	0.644641
ERR10710709_2	19.54375362888335	39.0	251.0	251	9.090909090909092	0.644641
ERR10782663_1	3.4885018459041532	40.0	151.0	151	9.090909090909092	0.2843
ERR10782663_2	6.019830392940193	40.0	151.0	151	18.181818181818183	0.2843
ERR10782668_1	2.641833547902735	40.0	151.0	151	9.090909090909092	0.354025
ERR10782668_2	4.916516767662941	39.0	151.0	151	18.181818181818183	0.354025
ERR10782671_1	2.4729045484973398	40.0	151.0	151	9.090909090909092	0.30641599999999997
ERR10782671_2	7.2409731260795525	40.0	151.0	151	18.181818181818183	0.30641599999999997
ERR10782676_1	5.986204312976767	40.0	151.0	151	18.181818181818183	0.29930999999999996
ERR10782676_2	2.391255652718158	40.0	151.0	151	9.090909090909092	0.29930999999999996
ERR10782680_1	10.535084118396625	39.0	151.0	151	9.090909090909092	0.5386409999999999
ERR10782680_2	4.517471420109629	39.0	151.0	151	0.0	0.5386409999999999
ERR10782688_1	5.53709556204403	39.0	151.0	151	0.0	0.799717
ERR10782688_2	8.826332530682038	39.0	151.0	151	9.090909090909092	0.799717
ERR10782695_1	8.355258817932608	41.0	151.0	151	9.090909090909092	1.107781
ERR10782695_2	11.22967437028474	40.0	151.0	151	18.181818181818183	1.107781
ERR10782717_1	3.8889272575793825	38.0	151.0	151	0.0	0.37337699999999996
ERR10782717_2	3.091449398708079	38.0	151.0	151	0.0	0.37337699999999996
ERR10782743_1	4.654258112167	39.0	151.0	151	18.181818181818183	0.288404
ERR10782743_2	3.3256865811859626	39.0	151.0	151	9.090909090909092	0.288404
ERR10783123_1	4.463356303803806	39.0	151.0	151	18.181818181818183	0.25312999999999997
ERR10783123_2	3.2424464302324623	39.0	151.0	151	18.181818181818183	0.25312999999999997
ERR10783128_1	2.591759078713494	40.0	151.0	151	9.090909090909092	0.37416499999999997
ERR10783128_2	5.688773842334712	40.0	151.0	151	18.181818181818183	0.37416499999999997
ERR10783132_1	5.735507361888168	39.0	151.0	151	18.181818181818183	0.523345
ERR10783132_2	3.666552521883787	40.0	151.0	151	18.181818181818183	0.523345
ERR10783138_1	10.69330793090677	39.0	151.0	151	9.090909090909092	0.25254499999999996
ERR10783138_2	2.9477366536857943	39.0	151.0	151	0.0	0.25254499999999996
ERR10783144_1	14.797644917831278	40.0	151.0	151	27.27272727272727	0.627734
ERR10783144_2	3.981979923725092	41.0	151.0	151	9.090909090909092	0.627734
ERR10783153_1	3.9515560337176083	39.0	151.0	151	9.090909090909092	0.41847599999999996
ERR10783153_2	7.239593581102795	39.0	151.0	151	18.181818181818183	0.41847599999999996
ERR10783156_1	23.10333993635581	40.0	151.0	151	18.181818181818183	0.382173
ERR10783156_2	1.7121676904725263	41.0	151.0	151	9.090909090909092	0.382173
ERR10783159_1	2.4171351052294483	41.0	151.0	151	9.090909090909092	0.299938
ERR10783159_2	6.030415793469828	40.0	151.0	151	18.181818181818183	0.299938
ERR10783163_1	10.803511475181608	40.0	151.0	151	18.181818181818183	0.363098
ERR10783163_2	2.369672129819719	43.0	151.0	151	9.090909090909092	0.363098
ERR10783166_1	5.224141293174526	38.0	151.0	151	0.0	0.511402
ERR10783166_2	4.029398961136721	38.0	151.0	151	0.0	0.511402
ERR10783178_1	0.06881821462626192	43.0	151.0	151	36.36363636363637	1.211871
ERR10783178_2	41.27663317440159	40.0	151.0	151	36.36363636363637	1.211871
ERR10787957_1	2.7937907038780736	40.0	151.0	151	9.090909090909092	0.228316
ERR10787957_2	14.545605944190086	39.0	151.0	151	27.27272727272727	0.228316
ERR10787959_1	25.48758626865431	40.0	151.0	151	27.27272727272727	0.529045
ERR10787959_2	3.732834568811782	42.0	151.0	151	27.27272727272727	0.529045
ERR10787961_1	13.278211788768047	41.0	152.00025625062344	152	36.36363636363637	0.5814619999999999
ERR10787961_2	0.6812583451178682	42.0	152.00025625062344	152	27.27272727272727	0.5814619999999999
ERR10788033_1	2.313933863250597	40.0	151.0	151	9.090909090909092	0.314283
ERR10788033_2	6.823389113914857	39.0	151.0	151	18.181818181818183	0.314283
ERR10788115_1	2.8362693523487366	40.0	151.0	151	0.0	0.36533
ERR10788115_2	9.40006003691272	39.0	151.0	151	9.090909090909092	0.36533
ERR10788118_1	3.422991342230958	40.0	151.0	151	9.090909090909092	0.410273
ERR10788118_2	9.872960762457055	39.0	151.0	151	18.181818181818183	0.410273
ERR10788121_1	3.0790668870033784	41.0	151.0	151	9.090909090909092	0.378623
ERR10788121_2	6.409122709544434	40.0	151.0	151	18.181818181818183	0.378623
ERR10794274_1	6.688389346916807	40.0	151.0	151	18.181818181818183	0.431963
ERR10794274_2	2.647352199230113	40.0	151.0	151	9.090909090909092	0.431963
ERR10794308_1	35.68098987298269	40.0	151.0	151	36.36363636363637	1.021385
ERR10794308_2	0.15572609980260665	42.0	151.0	151	27.27272727272727	1.021385
ERR10794316_1	2.766584381753006	40.0	151.0	151	0.0	0.47509799999999996
ERR10794316_2	14.110166025748853	39.0	151.0	151	9.090909090909092	0.47509799999999996
ERR10794327_1	6.6059522102437	39.0	151.0	151	9.090909090909092	0.824024
ERR10794327_2	8.774305771796449	39.0	151.0	151	9.090909090909092	0.824024
ERR10802836_1	41.41729422925338	41.0	151.0	151	27.27272727272727	0.525841
ERR10802836_2	3.743917742606044	43.0	151.0	151	18.181818181818183	0.525841
ERR10802837_1	2.860675930265515	41.0	151.0	151	9.090909090909092	0.36094699999999996
ERR10802837_2	8.441597788774487	40.0	151.0	151	18.181818181818183	0.36094699999999996
ERR10805899_1	5.094091598228616	40.0	151.0	151	9.090909090909092	0.309312
ERR10805899_2	15.482895545308793	39.0	151.0	151	27.27272727272727	0.309312
ERR10808103_1	6.488252395042622	39.0	151.0	151	27.27272727272727	0.231709
ERR10808103_2	1.6962724897387602	40.0	151.0	151	36.36363636363637	0.231709
ERR10808115_1	2.8323636549391296	41.0	151.0	151	9.090909090909092	0.311725
ERR10808115_2	7.241408394538993	40.0	151.0	151	18.181818181818183	0.311725
ERR10808136_1	8.391547314742581	39.0	151.0	151	18.181818181818183	0.529636
ERR10808136_2	5.201861261343126	40.0	151.0	151	9.090909090909092	0.529636
ERR10809417_1	10.879838406988142	39.0	151.0	151	18.181818181818183	0.888092
ERR10809417_2	6.618098617694898	39.0	151.0	151	9.090909090909092	0.888092
ERR10809418_1	2.7864756230947307	39.0	151.0	151	0.0	0.25207999999999997
ERR10809418_2	6.458017843327255	39.0	151.0	151	9.090909090909092	0.25207999999999997
ERR10812834_1	28.00070009024715	40.0	151.0	151	27.27272727272727	0.690376
ERR10812834_2	2.9954168595746324	42.0	151.0	151	9.090909090909092	0.690376
ERR10812835_1	2.7950999048559453	40.0	151.0	151	9.090909090909092	0.34690299999999996
ERR10812835_2	5.380665164233363	39.0	151.0	151	18.181818181818183	0.34690299999999996
ERR10812836_1	7.22570219948129	39.0	151.0	151	27.27272727272727	0.389439
ERR10812836_2	2.7960586380525143	40.0	151.0	151	36.36363636363637	0.389439
ERR10812837_1	4.894169203612137	40.0	151.0	151	27.27272727272727	0.335286
ERR10812837_2	2.709885156118702	41.0	151.0	151	18.181818181818183	0.335286
ERR10812838_1	5.056366114145533	40.0	151.0	151	18.181818181818183	0.340004
ERR10812838_2	2.5804217318981415	41.0	151.0	151	18.181818181818183	0.340004
ERR10812839_1	2.717036357536287	41.0	151.0	151	9.090909090909092	0.388169
ERR10812839_2	5.0812893560161	40.0	151.0	151	18.181818181818183	0.388169
ERR10812840_1	2.9487938205524244	41.0	151.0	151	9.090909090909092	0.292301
ERR10812840_2	5.176896074865496	40.0	151.0	151	18.181818181818183	0.292301
ERR10812841_1	3.3234010173363657	41.0	151.0	151	9.090909090909092	0.39339599999999997
ERR10812841_2	6.2676504203319325	40.0	151.0	151	18.181818181818183	0.39339599999999997
ERR10812867_1	14.445710001796854	39.0	151.0	151	9.090909090909092	0.758622
ERR10812867_2	4.99050172458152	40.0	151.0	151	0.0	0.758622
ERR10812868_1	7.844682024259939	39.0	151.0	151	9.090909090909092	0.7595529999999999
ERR10812868_2	10.311577624585127	38.0	151.0	151	9.090909090909092	0.7595529999999999
ERR10812869_1	8.192381230841775	39.0	151.0	151	18.181818181818183	0.363569
ERR10812869_2	4.636870486256072	39.0	151.0	151	9.090909090909092	0.363569
ERR10812870_1	3.6013045455249397	40.0	151.0	151	0.0	0.402466
ERR10812870_2	13.591488145141156	39.0	151.0	151	9.090909090909092	0.402466
ERR10812871_1	2.558514240165266	40.0	151.0	151	0.0	0.335642
ERR10812871_2	6.357393507533061	39.0	151.0	151	9.090909090909092	0.335642
ERR10812872_1	45.358515544502374	40.0	151.0	151	27.27272727272727	0.515945
ERR10812872_2	11.523646124939347	43.0	151.0	151	27.27272727272727	0.515945
ERR10812873_1	6.798805757217622	40.0	151.0	151	18.181818181818183	0.32184999999999997
ERR10812873_2	2.9318594276252554	41.0	151.0	151	9.090909090909092	0.32184999999999997
ERR10820997_1	5.736651706021561	40.0	151.0	151	18.181818181818183	0.284265
ERR10820997_2	2.2094689772931275	41.0	151.0	151	9.090909090909092	0.284265
ERR10852925_1	6.449170508162936	40.0	151.0	151	18.181818181818183	0.35906
ERR10852925_2	4.408642940256925	40.0	151.0	151	9.090909090909092	0.35906
ERR10852926_1	7.790706919414475	40.0	151.0	151	18.181818181818183	0.32692899999999997
ERR10852926_2	2.4505934139892815	41.0	151.0	151	9.090909090909092	0.32692899999999997
ERR10852929_1	4.822077550688462	41.0	151.0	151	9.090909090909092	0.851537
ERR10852929_2	10.356306542598375	40.0	151.0	151	18.181818181818183	0.851537
ERR10852931_1	3.7518293112614174	40.0	151.0	151	9.090909090909092	0.577319
ERR10852931_2	5.766237408473756	40.0	151.0	151	18.181818181818183	0.577319
ERR10852932_1	2.172110801334213	40.0	151.0	151	0.0	0.227567
ERR10852932_2	15.3307599954193	39.0	151.0	151	9.090909090909092	0.227567
ERR10852933_1	7.944612348731312	42.0	151.0	151	18.181818181818183	0.459339
ERR10852933_2	34.90555123560708	40.0	151.0	151	27.27272727272727	0.459339
ERR10852935_1	14.204408747684695	42.0	151.0	151	18.181818181818183	1.0650359999999999
ERR10852935_2	42.032199971239706	40.0	151.0	151	27.27272727272727	1.0650359999999999
ERR10852936_1	3.986826074342389	39.0	151.0	151	0.0	0.552165
ERR10852936_2	6.37529986268413	39.0	151.0	151	9.090909090909092	0.552165
ERR10852938_1	2.971936707819154	39.0	151.0	151	9.090909090909092	0.314117
ERR10852938_2	5.650404589367014	38.0	151.0	151	18.181818181818183	0.314117
ERR10852993_1	5.360240659914538	39.0	151.0	151	9.090909090909092	0.5762189999999999
ERR10852993_2	7.84806069351545	39.0	151.0	151	18.181818181818183	0.5762189999999999
ERR10852995_1	13.17874376937958	40.0	151.0	151	18.181818181818183	1.2989709999999999
ERR10852995_2	8.786972501013366	42.0	151.0	151	9.090909090909092	1.2989709999999999
ERR10852996_1	3.539751417423176	40.0	151.0	151	0.0	0.545115
ERR10852996_2	20.763218519782498	39.0	151.0	151	18.181818181818183	0.545115
ERR10853648_1	7.69530540334695	39.0	151.0	151	18.181818181818183	0.243443
ERR10853648_2	2.057182305352029	39.0	151.0	151	9.090909090909092	0.243443
ERR10854234_1	13.083214924660851	39.0	151.0	151	18.181818181818183	0.369305
ERR10854234_2	3.2015279224305573	40.0	151.0	151	9.090909090909092	0.369305
ERR10854472_1	2.9998622213122275	39.0	151.0	151	0.0	0.22303499999999998
ERR10854472_2	4.896129651514144	38.0	151.0	151	9.090909090909092	0.22303499999999998
ERR10854473_1	3.1841356649816817	39.0	151.0	151	9.090909090909092	0.260614
ERR10854473_2	6.417666448068658	39.0	151.0	151	18.181818181818183	0.260614
ERR10854474_1	5.647949415029004	38.0	151.0	151	0.0	0.38107399999999997
ERR10854474_2	4.670306237113891	38.0	151.0	151	0.0	0.38107399999999997
ERR10854475_1	3.869680945079793	39.0	151.0	151	9.090909090909092	0.266625
ERR10854475_2	2.843552816042447	39.0	151.0	151	0.0	0.266625
ERR10854476_1	10.767654511774012	39.0	151.0	151	9.090909090909092	0.36963999999999997
ERR10854476_2	3.6003859874032003	40.0	151.0	151	0.0	0.36963999999999997
ERR10854480_1	3.2486847320109433	40.0	151.0	151	9.090909090909092	0.446416
ERR10854480_2	10.630997646754096	39.0	151.0	151	18.181818181818183	0.446416
ERR10854483_1	12.206504736362561	39.0	151.0	151	18.181818181818183	0.617717
ERR10854483_2	4.342464794589134	40.0	151.0	151	9.090909090909092	0.617717
ERR10854484_1	2.8101426777437553	40.0	151.0	151	9.090909090909092	0.293072
ERR10854484_2	6.81855107386879	40.0	151.0	151	18.181818181818183	0.293072
ERR3569448_1	19.82453575125976	39.0	148.57396309764545	151	18.181818181818183	0.46089199999999997
ERR3569448_2	18.13887872319097	39.0	148.57411931645592	151	9.090909090909092	0.46089199999999997
ERR3569449_1	24.832539239609616	40.0	149.2772215126557	151	27.27272727272727	0.570771
ERR3569449_2	23.983652238277557	39.0	149.26226980698038	151	9.090909090909092	0.570771
ERR3569450_1	26.323281640031254	39.0	149.07412759497137	151	27.27272727272727	0.642878
ERR3569450_2	24.459117079496494	39.0	149.0680953462399	151	9.090909090909092	0.642878
ERR3569451_1	31.983345732471975	39.0	149.04609085566827	151	27.27272727272727	0.7827799999999999
ERR3569451_2	31.317629054902568	39.0	149.03524617389306	151	9.090909090909092	0.7827799999999999
ERR4436595_1	24.703677040385017	40.0	240.21888249254852	251	9.090909090909092	0.806885
ERR4436595_2	19.78554971981326	40.0	240.27942519689918	251	9.090909090909092	0.806885
ERR4436596_1	19.34623730960972	40.0	240.54320762407562	251	9.090909090909092	0.51521
ERR4436596_2	17.388564387919985	40.0	240.44596766367113	251	9.090909090909092	0.51521
ERR4436597_1	19.93980338541357	40.0	239.97756167119172	251	9.090909090909092	0.591889
ERR4436597_2	18.062939983715083	40.0	239.87324819349573	251	9.090909090909092	0.591889
ERR4436754_1	27.243242186647166	41.0	224.9292131347603	251	9.090909090909092	1.006246
ERR4436754_2	25.538760951233655	41.0	224.9043305513761	251	9.090909090909092	1.006246
ERR4783167_1	6.808351189448885	39.0	151.0	151	0.0	0.886065
ERR4783167_2	6.347258559527802	39.0	151.0	151	0.0	0.886065
ERR4783172_1	8.786379363678336	39.0	151.0	151	0.0	0.988791
ERR4783172_2	8.20169125844184	39.0	151.0	151	0.0	0.988791
ERR4783180_1	9.564209984858238	39.0	151.0	151	0.0	1.075259
ERR4783180_2	8.755854065712697	39.0	151.0	151	0.0	1.075259
ERR4783186_1	8.30030728646338	39.0	151.0	151	0.0	0.894392
ERR4783186_2	7.500943313804228	39.0	151.0	151	0.0	0.894392
ERR4783188_1	10.359101746818808	39.0	151.0	151	0.0	1.138448
ERR4783188_2	9.662925654109529	39.0	151.0	151	0.0	1.138448
ERR4783194_1	9.486631705464163	39.0	151.0	151	0.0	1.047435
ERR4783194_2	8.891130439603913	39.0	151.0	151	0.0	1.047435
ERR4783195_1	8.820965886351743	39.0	151.0	151	0.0	0.861444
ERR4783195_2	8.073464062069789	39.0	151.0	151	0.0	0.861444
ERR4783200_1	7.863848293498151	39.0	151.0	151	0.0	0.8417359999999999
ERR4783200_2	7.268956069660604	39.0	151.0	151	0.0	0.8417359999999999
ERR4783203_1	8.87686121289451	39.0	151.0	151	0.0	0.996118
ERR4783203_2	8.307235797265449	39.0	151.0	151	0.0	0.996118
ERR4783208_1	8.192124598380374	39.0	151.0	151	0.0	0.854825
ERR4783208_2	7.501654492813117	39.0	151.0	151	0.0	0.854825
ERR4783214_1	8.608312035321248	39.0	151.0	151	0.0	0.946386
ERR4783214_2	7.927562265834354	39.0	151.0	151	0.0	0.946386
ERR4783216_1	9.332187997807665	39.0	151.0	151	0.0	1.0026279999999999
ERR4783216_2	8.604145169933645	39.0	151.0	151	0.0	1.0026279999999999
ERR4783222_1	9.446581082102156	39.0	151.0	151	0.0	1.04268
ERR4783222_2	8.794463489059865	39.0	151.0	151	0.0	1.04268
ERR4783223_1	8.529427777476926	39.0	151.0	151	0.0	0.90577
ERR4783223_2	7.941792590973108	39.0	151.0	151	0.0	0.90577
ERR4783228_1	7.9736023192920555	39.0	151.0	151	0.0	0.823747
ERR4783228_2	7.288122590328555	39.0	151.0	151	0.0	0.823747
ERR4783231_1	9.223694203079674	39.0	151.0	151	0.0	1.0590199999999999
ERR4783231_2	8.543696414136178	39.0	151.0	151	0.0	1.0590199999999999
ERR4783239_1	8.195201997035355	39.0	151.0	151	0.0	0.842795
ERR4783239_2	7.35233461094154	39.0	151.0	151	0.0	0.842795
ERR4783244_1	9.287287613820524	39.0	151.0	151	0.0	0.9530909999999999
ERR4783244_2	8.43378578531221	39.0	151.0	151	0.0	0.9530909999999999
ERR4783250_1	9.357491140119038	39.0	151.0	151	0.0	1.025484
ERR4783250_2	8.786814981910226	39.0	151.0	151	0.0	1.025484
ERR4783252_1	9.298021931383971	39.0	151.0	151	0.0	0.94687
ERR4783252_2	8.44059949476572	39.0	151.0	151	0.0	0.94687
ERR4783258_1	9.813274361092468	39.0	151.0	151	0.0	0.9839
ERR4783258_2	8.922795103692025	39.0	151.0	151	0.0	0.9839
ERR4783259_1	8.016383446510815	39.0	151.0	151	0.0	0.858879
ERR4783259_2	7.433131069675781	39.0	151.0	151	0.0	0.858879
ERR4783264_1	9.052940875832135	39.0	151.0	151	0.0	1.013768
ERR4783264_2	8.340795435350032	39.0	151.0	151	0.0	1.013768
ERR4783385_1	6.3595164395433414	39.0	151.0	151	0.0	0.927619
ERR4783385_2	6.071910624089043	39.0	151.0	151	0.0	0.927619
ERR4783387_1	7.234529677559124	39.0	151.0	151	0.0	1.070808
ERR4783387_2	6.924431417992878	39.0	151.0	151	0.0	1.070808
ERR4783391_1	6.984826434352797	39.0	151.0	151	0.0	1.017499
ERR4783391_2	6.573911478606988	39.0	151.0	151	0.0	1.017499
ERR4783394_1	6.375062332863109	39.0	151.0	151	0.0	1.054859
ERR4783394_2	6.0856330835739385	39.0	151.0	151	0.0	1.054859
ERR4783401_1	7.1143019655535795	39.0	151.0	151	0.0	1.076214
ERR4783401_2	6.964989541631866	39.0	151.0	151	0.0	1.076214
ERR4783411_1	7.207459955826067	38.0	151.0	151	0.0	1.025912
ERR4783411_2	6.765100154534551	38.0	151.0	151	0.0	1.025912
ERR4783413_1	6.192654700165647	39.0	151.0	151	0.0	0.9530099999999999
ERR4783413_2	5.7551019387886555	39.0	151.0	151	0.0	0.9530099999999999
ERR4783415_1	6.511316754191171	39.0	151.0	151	0.0	0.980713
ERR4783415_2	6.2493845859749655	39.0	151.0	151	0.0	0.980713
ERR4783417_1	7.15866333972906	39.0	151.0	151	0.0	1.236848
ERR4783417_2	6.841184464870835	39.0	151.0	151	0.0	1.236848
ERR4783419_1	7.403090810395852	39.0	151.0	151	0.0	1.111206
ERR4783419_2	6.968751004422998	38.0	151.0	151	0.0	1.111206
ERR4783518_1	12.725305322801589	38.0	151.0	151	0.0	1.249048
ERR4783518_2	12.434312396934303	38.0	151.0	151	0.0	1.249048
ERR4919979_1	16.888167053488147	41.0	262.86923860006317	301	10.0	0.5127659999999999
ERR4919979_2	16.017067679381185	41.0	263.17878135445795	301	20.0	0.5127659999999999
ERR4919980_1	15.926563454514849	40.0	276.02635850728717	301	10.0	0.455868
ERR4919980_2	14.85597988726228	40.0	276.4198781226144	301	20.0	0.455868
ERR4919981_1	17.166136632432796	40.0	270.5052000708564	301	10.0	0.50807
ERR4919981_2	16.07935320073851	40.0	271.0769136142658	301	20.0	0.50807
ERR4919983_1	17.870373145689385	40.0	267.63199937138137	301	10.0	0.521779
ERR4919983_2	17.11318416330974	40.0	268.2294275929081	301	20.0	0.521779
ERR4919984_1	22.42538808365036	40.0	270.81660579049134	301	10.0	0.634074
ERR4919984_2	21.1609147535395	40.0	271.3695120758776	301	20.0	0.634074
ERR4919985_1	18.942246178158612	40.0	252.715026024485	294	10.0	0.6820499999999999
ERR4919985_2	17.37169128433878	40.0	253.2665933582582	294	20.0	0.6820499999999999
ERR4919991_1	15.14066881188542	40.0	264.5984680266133	301	10.0	0.491784
ERR4919991_2	11.040515499697747	40.0	271.2125933336587	301	20.0	0.491784
ERR4919992_1	20.643107078746894	40.0	254.3352980846833	294	20.0	0.6331589999999999
ERR4919992_2	19.5509034029175	39.0	257.0303928397133	301	20.0	0.6331589999999999
ERR4919993_1	14.788830427231076	40.0	269.38329614936714	301	10.0	0.418191
ERR4919993_2	12.86413785820713	40.0	270.0686480579448	301	20.0	0.418191
ERR4920008_1	23.512132163646513	40.0	269.90629374156697	301	10.0	0.317204
ERR4920008_2	22.59169831046046	40.0	270.2885761213604	301	20.0	0.317204
ERR4920011_1	15.091216077147593	40.0	277.5224628532582	301	10.0	0.41187999999999997
ERR4920011_2	13.716501490479232	40.0	277.34430659415364	301	20.0	0.41187999999999997
ERR4920012_1	19.57341338490579	40.0	272.4371647364331	301	10.0	0.369299
ERR4920012_2	17.361663826572254	40.0	272.73877670938725	301	20.0	0.369299
ERR4920013_1	22.912182386793333	40.0	269.82567972763235	301	10.0	0.482583
ERR4920013_2	21.1404867787071	40.0	270.12681549080673	301	20.0	0.482583
ERR4999559_1	16.2193879475156	38.0	166.49200750686956	162	9.090909090909092	1.6875209999999998
ERR4999559_2	13.832820283447532	39.0	167.17128794249078	162	9.090909090909092	1.6875209999999998
ERR4999560_1	12.031422840170933	39.0	153.76674492162084	147	10.0	1.596917
ERR4999560_2	8.64951134049052	39.0	155.92123823592584	147	0.0	1.596917
ERR4999561_1	12.352631254128283	39.0	165.7100625364209	162	9.090909090909092	1.278455
ERR4999561_2	10.452868324694265	39.0	165.9400659389654	162	9.090909090909092	1.278455
ERR4999562_1	14.465337650713778	38.0	158.8335544646411	152	10.0	1.688288
ERR4999562_2	13.587115487595241	38.0	159.8093334786482	152	10.0	1.688288
ERR4999563_1	25.31761333325946	40.0	236.55196930882315	251	9.090909090909092	0.879471
ERR4999563_2	15.15222712931245	40.0	237.22792678780766	251	18.181818181818183	0.879471
ERR4999564_1	13.885946795761384	38.0	164.20848623963815	157	10.0	1.451597
ERR4999564_2	13.055640024137602	38.0	164.3040010416114	157	10.0	1.451597
ERR4999566_1	20.47319269413032	37.0	147.67729803054436	137	10.0	1.329149
ERR4999566_2	18.909383336208393	37.0	148.01307603586957	137	10.0	1.329149
ERR4999567_1	13.393193403639486	38.0	164.03661720109267	157	10.0	1.435746
ERR4999567_2	12.02896579306882	39.0	164.23517669559936	157	10.0	1.435746
ERR4999568_1	6.316589648611895	38.0	206.65795527473307	247	10.0	0.746379
ERR4999568_2	5.476854455609697	38.0	206.9018233364015	247	10.0	0.746379
ERR4999569_1	7.917963515959087	39.0	194.30736362279478	222	10.0	0.9178769999999999
ERR4999569_2	7.258434472796594	39.0	194.70768959239638	222	10.0	0.9178769999999999
ERR4999570_1	7.698321444331938	38.0	202.1921849192962	247	10.0	0.854297
ERR4999570_2	6.67108849064013	38.0	202.3921153884422	247	10.0	0.854297
ERR4999571_1	25.242647149868574	40.0	235.49417892407078	251	10.0	0.979544
ERR4999571_2	18.083659567562066	40.0	236.0053769917431	251	10.0	0.979544
ERR4999572_1	9.208124456742766	39.0	199.98433136673358	247	10.0	1.096139
ERR4999572_2	8.315962553733428	39.0	200.2430485549734	247	10.0	1.096139
ERR4999574_1	26.402788597392657	41.0	220.50562027561858	251	10.0	1.046301
ERR4999574_2	23.341803247659115	41.0	221.43546168836693	251	10.0	1.046301
ERR4999575_1	16.12373097697828	38.0	165.9692628905115	162	10.0	1.280244
ERR4999575_2	14.099928293909699	39.0	167.97515707943174	162	10.0	1.280244
ERR4999577_1	16.83853954623362	39.0	169.57001529464995	167	10.0	2.336111
ERR4999577_2	15.742274176841235	39.0	170.03585446068274	167	10.0	2.336111
ERR5000113_1	8.43706474213846	38.0	198.04731285452294	232	10.0	1.020209
ERR5000113_2	7.575485759928284	38.0	198.5391601132709	232	10.0	1.020209
ERR5000114_1	9.309605713427487	39.0	175.74097276697353	177	10.0	1.016009
ERR5000114_2	6.891969107819847	39.0	176.58068678525487	177	10.0	1.016009
ERR5000123_1	28.731269987560594	41.0	230.02255765288996	251	10.0	1.120152
ERR5000123_2	22.536723541385314	41.0	230.7114730857955	251	10.0	1.120152
ERR5000189_1	13.84803705682134	38.0	140.43308525196477	122	10.0	1.1231529999999998
ERR5000189_2	10.78797631107905	38.0	142.11736602226054	127	10.0	1.1231529999999998
ERR5000190_1	28.513036071323157	40.0	229.69973910087765	251	10.0	1.097359
ERR5000190_2	18.070002237513478	40.0	230.7847978646915	251	10.0	1.097359
ERR5000204_1	31.811925779561363	40.0	229.91538042352587	251	10.0	1.308397
ERR5000204_2	29.265918909791125	40.0	229.96478897460022	251	10.0	1.308397
ERR5205865_1	16.97138488302565	39.0	266.18677838910713	301	20.0	0.514907
ERR5205865_2	15.84016630468814	39.0	268.6248701221774	301	20.0	0.514907
ERR5205866_1	19.82760344543979	39.0	251.1659119636536	294	20.0	0.729426
ERR5205866_2	18.699842250950923	39.0	254.51916575499092	301	20.0	0.729426
ERR5205867_1	24.05522951327646	39.0	249.98236364977234	294	20.0	0.9898589999999999
ERR5205867_2	21.953834390037173	39.0	253.89234022219327	301	20.0	0.9898589999999999
ERR5205868_1	21.639729148348223	39.0	239.8066684025336	284	20.0	0.860281
ERR5205868_2	20.600294075115627	39.0	242.99120519923142	301	20.0	0.860281
ERR5205869_1	33.72258815629627	40.0	264.09278381862333	301	20.0	1.1675149999999999
ERR5205869_2	31.520593232037555	39.0	266.73171608073557	301	20.0	1.1675149999999999
ERR5205871_1	10.71459631764003	39.0	262.81897183618986	301	20.0	0.33560799999999996
ERR5205871_2	10.205284351288327	39.0	265.1416533574885	301	20.0	0.33560799999999996
ERR6938061_1	9.65739490335001	39.0	151.0	151	0.0	1.0807499999999999
ERR6938061_2	7.815874761929862	39.0	151.0	151	0.0	1.0807499999999999
ERR6938074_1	8.927307548148505	39.0	151.0	151	0.0	1.114348
ERR6938074_2	7.11262229935825	39.0	151.0	151	0.0	1.114348
ERR6938077_1	9.128034463953838	39.0	151.0	151	0.0	1.069355
ERR6938077_2	7.36688270063172	39.0	151.0	151	0.0	1.069355
ERR6938084_1	9.27110262268495	39.0	151.0	151	0.0	1.227083
ERR6938084_2	7.490787106280834	39.0	151.0	151	0.0	1.227083
ERR6938087_1	7.681009066741439	39.0	151.0	151	0.0	0.884555
ERR6938087_2	6.051449228014022	39.0	151.0	151	0.0	0.884555
ERR6938090_1	8.470761200621197	38.0	151.0	151	0.0	0.993649
ERR6938090_2	6.763034001096955	39.0	151.0	151	0.0	0.993649
ERR6938093_1	8.121572826840222	39.0	151.0	151	0.0	0.957438
ERR6938093_2	6.239645252072336	39.0	151.0	151	0.0	0.957438
ERR6938096_1	8.020520899846062	39.0	151.0	151	0.0	1.004165
ERR6938096_2	6.554294396189718	39.0	151.0	151	9.090909090909092	1.004165
ERR6938099_1	8.047593091737753	39.0	151.0	151	0.0	0.995532
ERR6938099_2	6.478061651538269	39.0	151.0	151	0.0	0.995532
ERR6938111_1	7.970608842525181	39.0	151.0	151	0.0	1.021766
ERR6938111_2	5.759414599514528	39.0	151.0	151	0.0	1.021766
ERR6938114_1	7.997044505944899	38.0	151.0	151	0.0	0.926469
ERR6938114_2	6.40777021718894	39.0	151.0	151	0.0	0.926469
ERR6938153_1	11.26297880502075	39.0	151.0	151	0.0	1.115154
ERR6938153_2	9.391962890219261	39.0	151.0	151	0.0	1.115154
ERR6938409_1	18.33162626552874	39.0	151.0	151	0.0	2.145772
ERR6938409_2	17.524184535618474	39.0	151.0	151	0.0	2.145772
ERR6938479_1	11.219144679194827	39.0	151.0	151	0.0	0.700152
ERR6938479_2	11.153945588900271	39.0	151.0	151	0.0	0.700152
ERR6938729_1	7.242883972981346	39.0	151.0	151	0.0	1.040679
ERR6938729_2	7.275814154533933	39.0	151.0	151	0.0	1.040679
ERR6938731_1	6.151147595066206	39.0	151.0	151	0.0	0.7234619999999999
ERR6938731_2	6.00678252816175	39.0	151.0	151	0.0	0.7234619999999999
ERR6938732_1	7.494906732498947	39.0	151.0	151	0.0	1.041102
ERR6938732_2	7.401751861017431	39.0	151.0	151	0.0	1.041102
ERR6938733_1	7.723092732688883	39.0	151.0	151	0.0	0.19825299999999998
ERR6938733_2	7.691634443542654	39.0	151.0	151	0.0	0.19825299999999998
ERR6938734_1	4.31229239033587	39.0	151.0	151	0.0	0.376063
ERR6938734_2	4.326432680388052	39.0	151.0	151	0.0	0.376063
ERR6938735_1	10.10182901702359	39.0	151.0	151	0.0	1.552568
ERR6938735_2	9.96049087400624	39.0	151.0	151	0.0	1.552568
ERR6938736_1	8.71249780287117	39.0	151.0	151	0.0	1.245619
ERR6938736_2	8.840718905653475	39.0	151.0	151	0.0	1.245619
ERR6938737_1	9.56035431122254	42.0	151.0	151	0.0	1.197994
ERR6938737_2	9.517038204561558	42.0	151.0	151	0.0	1.197994
ERR6938738_1	8.827329023289835	42.0	151.0	151	0.0	1.368808
ERR6938738_2	8.708417483380515	42.0	151.0	151	0.0	1.368808
ERR6938739_1	6.922226756427193	39.0	151.0	151	0.0	0.9020229999999999
ERR6938739_2	6.7160514666920506	39.0	151.0	151	0.0	0.9020229999999999
ERR6938740_1	7.665941425477058	39.0	151.0	151	0.0	1.121651
ERR6938740_2	7.668692294123176	39.0	151.0	151	0.0	1.121651
ERR6938741_1	9.122223028891227	39.0	151.0	151	0.0	1.3190499999999998
ERR6938741_2	8.92831626909907	39.0	151.0	151	0.0	1.3190499999999998
ERR6938743_1	8.132518205463953	39.0	151.0	151	0.0	1.149084
ERR6938743_2	7.950464514480572	39.0	151.0	151	0.0	1.149084
ERR6938745_1	7.599926209862204	38.0	151.0	151	0.0	1.1965679999999999
ERR6938745_2	7.596496589249895	39.0	151.0	151	0.0	1.1965679999999999
ERR6938749_1	7.7535745747780425	39.0	151.0	151	0.0	1.115653
ERR6938749_2	7.900723397671612	39.0	151.0	151	0.0	1.115653
ERR6938913_1	5.374082898065211	39.0	151.0	151	0.0	0.508551
ERR6938913_2	5.3268665813768195	39.0	151.0	151	0.0	0.508551
ERR6938928_1	8.177944551232002	39.0	151.0	151	0.0	1.147677
ERR6938928_2	8.038181914530398	39.0	151.0	151	0.0	1.147677
ERR6938929_1	10.11875600758259	39.0	151.0	151	0.0	1.518046
ERR6938929_2	10.030419354674166	39.0	151.0	151	0.0	1.518046
ERR6938931_1	9.669210632515558	39.0	151.0	151	0.0	1.5861079999999999
ERR6938931_2	9.410168274837332	39.0	151.0	151	0.0	1.5861079999999999
ERR7226293_1	13.672155605105942	39.0	151.0	151	0.0	0.8940009999999999
ERR7226293_2	13.627063720694238	39.0	151.0	151	0.0	0.8940009999999999
ERR7226295_1	15.268337329954761	39.0	151.0	151	0.0	0.9405439999999999
ERR7226295_2	15.018008363306905	39.0	151.0	151	0.0	0.9405439999999999
ERR7226554_1	19.756873730642695	39.0	151.0	151	0.0	1.562468
ERR7226554_2	19.28882796539881	39.0	151.0	151	0.0	1.562468
ERR7226556_1	21.282732346370665	39.0	151.0	151	0.0	1.7071649999999998
ERR7226556_2	20.84511953834975	39.0	151.0	151	0.0	1.7071649999999998
ERR7226586_1	17.77908060727104	39.0	151.0	151	0.0	1.1639249999999999
ERR7226586_2	17.320809444513557	39.0	151.0	151	0.0	1.1639249999999999
ERR7226588_1	19.62766462069466	38.0	151.0	151	0.0	1.503048
ERR7226588_2	19.297998982026726	38.0	151.0	151	0.0	1.503048
ERR7226590_1	21.122111953499214	39.0	151.0	151	0.0	1.6314419999999998
ERR7226590_2	20.630170643774008	39.0	151.0	151	0.0	1.6314419999999998
ERR7226592_1	20.73874713357779	39.0	151.0	151	0.0	1.633905
ERR7226592_2	20.331464488707752	39.0	151.0	151	0.0	1.633905
ERR7226594_1	20.681606463191898	38.0	151.0	151	0.0	1.657228
ERR7226594_2	19.846234844771203	39.0	151.0	151	0.0	1.657228
ERR7226612_1	21.672071763444308	39.0	151.0	151	0.0	1.9585119999999998
ERR7226612_2	20.984819455000434	39.0	151.0	151	0.0	1.9585119999999998
ERR7226614_1	20.63171812356373	39.0	151.0	151	0.0	1.646699
ERR7226614_2	20.00767955772848	39.0	151.0	151	0.0	1.646699
ERR7226616_1	19.805205345360406	38.0	151.0	151	0.0	1.588962
ERR7226616_2	19.374879284102576	39.0	151.0	151	0.0	1.588962
ERR7226618_1	19.10128518412118	39.0	151.0	151	0.0	1.4619119999999999
ERR7226618_2	18.154234193002566	39.0	151.0	151	0.0	1.4619119999999999
ERR7226620_1	18.721363949776475	39.0	151.0	151	0.0	1.335013
ERR7226620_2	18.239415021938186	39.0	151.0	151	0.0	1.335013
ERR7226622_1	18.457104903209398	39.0	151.0	151	0.0	1.469569
ERR7226622_2	18.03506841157963	39.0	151.0	151	0.0	1.469569
ERR7226626_1	20.30074145652945	39.0	151.0	151	0.0	1.68618
ERR7226626_2	19.929631941583835	39.0	151.0	151	0.0	1.68618
ERR7226644_1	20.085250413120363	38.0	151.0	151	0.0	1.8652719999999998
ERR7226644_2	19.146405934387488	38.0	151.0	151	0.0	1.8652719999999998
ERR7226646_1	21.058183570725433	38.0	151.0	151	0.0	1.8666749999999999
ERR7226646_2	20.41023016776849	39.0	151.0	151	0.0	1.8666749999999999
ERR7226648_1	19.788659082049392	39.0	151.0	151	0.0	1.60076
ERR7226648_2	19.207640938954967	39.0	151.0	151	0.0	1.60076
ERR7226650_1	17.824180489173088	38.0	151.0	151	0.0	1.365864
ERR7226650_2	17.331895681020228	39.0	151.0	151	0.0	1.365864
ERR7226654_1	20.010596937048405	38.0	151.0	151	0.0	1.4631699999999999
ERR7226654_2	19.455299134366157	38.0	151.0	151	0.0	1.4631699999999999
ERR7226656_1	20.592294747731714	39.0	151.0	151	0.0	1.843354
ERR7226656_2	20.17773256641918	39.0	151.0	151	0.0	1.843354
ERR7226658_1	18.90737830071282	38.0	151.0	151	0.0	1.496554
ERR7226658_2	18.26923552039281	39.0	151.0	151	0.0	1.496554
ERR7226676_1	21.594914850791838	38.0	151.0	151	0.0	2.209335
ERR7226676_2	20.883441298025076	39.0	151.0	151	0.0	2.209335
ERR7226678_1	20.69385785115587	38.0	151.0	151	0.0	1.579369
ERR7226678_2	20.186761122719616	39.0	151.0	151	0.0	1.579369
ERR7226680_1	19.946788229845865	39.0	151.0	151	0.0	1.7623469999999999
ERR7226680_2	19.448913443231447	39.0	151.0	151	0.0	1.7623469999999999
ERR7226688_1	21.497946587660152	38.0	151.0	151	0.0	2.0486329999999997
ERR7226688_2	20.865468783816326	38.0	151.0	151	0.0	2.0486329999999997
ERR7226690_1	20.593481353528517	38.0	151.0	151	0.0	1.7054449999999999
ERR7226690_2	20.236264591258973	38.0	151.0	151	0.0	1.7054449999999999
ERR8024946_1	21.36165673939408	40.0	198.33208410855434	194	10.0	0.826646
ERR8024946_2	17.730710084800023	40.0	208.7564979447067	194	20.0	0.826646
ERR8024947_1	20.82954881409222	40.0	184.05742387705675	174	10.0	0.7605459999999999
ERR8024947_2	19.840686203885426	40.0	184.74445529921925	174	20.0	0.7605459999999999
ERR8024950_1	17.01413213786421	40.0	266.5495478909168	301	10.0	0.526864
ERR8024950_2	15.763327421747988	40.0	266.82883533511495	301	10.0	0.526864
ERR8024951_1	19.49045221912084	40.0	228.38529233331013	244	10.0	0.7038369999999999
ERR8024951_2	15.301282375111484	40.0	240.05498432165402	301	20.0	0.7038369999999999
ERR8024959_1	21.447526789070167	40.0	210.31403570604948	214	10.0	0.6894629999999999
ERR8024959_2	17.660131444450073	41.0	222.42725207879175	234	20.0	0.6894629999999999
SRR10583096_1	28.2239284093134	40.0	232.55229412615944	251	10.0	1.071105
SRR10583096_2	24.473099954617766	40.0	232.71381330495143	251	10.0	1.071105
SRR11514880_1	22.937336637702572	39.0	229.67697126436116	251	10.0	0.862657
SRR11514880_2	21.960551252695254	39.0	229.6980317785632	251	10.0	0.862657
SRR11589174_1	6.469059523588811	38.0	253.8001910907329	301	20.0	0.554187
SRR11589174_2	6.018246414878661	38.0	255.87913826921238	301	20.0	0.554187
SRR11589267_1	4.409866815043202	39.0	301.0	301	10.0	0.160764
SRR11589267_2	3.77178048978989	39.0	301.0	301	0.0	0.160764
SRR12905336_1	25.31761333325946	40.0	236.55196930882315	251	10.0	0.879471
SRR12905336_2	15.15222712931245	40.0	237.22792678780766	251	10.0	0.879471
SRR12905337_1	26.402788597392657	41.0	220.50562027561858	251	10.0	1.046301
SRR12905337_2	23.341803247659115	41.0	221.43546168836693	251	10.0	1.046301
SRR12905338_1	25.242647149868574	40.0	235.49417892407078	251	10.0	0.979544
SRR12905338_2	18.083659567562066	40.0	236.0053769917431	251	10.0	0.979544
SRR12905341_1	28.513036071323157	40.0	229.69973910087765	251	10.0	1.097359
SRR12905341_2	18.070002237513478	40.0	230.7847978646915	251	10.0	1.097359
SRR13327178_1	29.47194255500733	40.0	219.29523442053176	224	20.0	0.990037
SRR13327178_2	26.84506403319375	42.0	227.19651033244213	274	20.0	0.990037
SRR13327179_1	31.65121503909971	41.0	209.0123244478429	204	20.0	1.354868
SRR13327179_2	29.30800795205063	42.0	218.09806268950186	214	20.0	1.354868
SRR13327181_1	34.227679573742876	40.0	205.15281269835256	204	20.0	1.05557
SRR13327181_2	30.525880801697554	42.0	216.58944361813997	214	20.0	1.05557
SRR13327185_1	36.69174518319749	41.0	165.23465857660028	144	20.0	1.8791769999999999
SRR13327185_2	34.882331891777724	42.0	171.9732164665702	144	20.0	1.8791769999999999
SRR13327186_1	25.455643623605724	40.0	238.3971672096568	264	20.0	0.883687
SRR13327186_2	20.270908630796058	42.0	250.91072404595744	301	20.0	0.883687
SRR13327187_1	31.90808374469694	40.0	190.50073065753608	174	20.0	1.0771119999999998
SRR13327187_2	28.143218960832655	41.0	202.3583791657692	184	20.0	1.0771119999999998
SRR13327189_1	37.26843133872553	40.0	178.35928745619773	164	20.0	1.235096
SRR13327189_2	34.566391007976705	41.0	188.70366068710447	164	20.0	1.235096
SRR13327190_1	34.12622770510629	41.0	211.79772270947245	204	20.0	1.3352709999999999
SRR13327190_2	30.473182203380915	43.0	224.04244943535807	274	20.0	1.3352709999999999
SRR13327191_1	25.454260521254653	40.0	209.81356410917715	204	20.0	0.794855
SRR13327191_2	22.451496880726936	42.0	224.24364192211158	284	20.0	0.794855
SRR13327192_1	22.383365894537775	39.0	216.54284758339122	214	20.0	0.826406
SRR13327192_2	16.4294930994147	42.0	233.77665275905548	294	20.0	0.826406
SRR13327193_1	29.120847196644917	39.0	186.73430964058988	174	20.0	1.21922
SRR13327193_2	24.95608941469378	41.0	200.23063844097047	184	20.0	1.21922
SRR13327194_1	29.073952330674828	41.0	206.81731046585622	204	20.0	1.3624589999999999
SRR13327194_2	24.157003917100212	43.0	221.6591816707879	234	20.0	1.3624589999999999
SRR13327196_1	34.31055154340444	41.0	193.52548811757887	184	20.0	1.565043
SRR13327196_2	30.76274936151951	43.0	203.41638983721214	184	20.0	1.565043
SRR13327198_1	29.18765329543527	40.0	204.69365471102574	194	20.0	0.9485619999999999
SRR13327198_2	24.48634816435532	41.0	218.00256177245134	234	20.0	0.9485619999999999
SRR13327199_1	36.266999512155685	39.0	188.95894324960906	174	20.0	1.1267939999999999
SRR13327199_2	32.971605495881136	41.0	200.19777261859755	184	20.0	1.1267939999999999
SRR13327200_1	28.836494953289716	40.0	192.84561967450702	184	20.0	1.2061089999999999
SRR13327200_2	25.432427227481895	42.0	205.43965346415624	194	20.0	1.2061089999999999
SRR13327201_1	35.25721188247256	40.0	199.7280387341372	194	20.0	1.2708169999999999
SRR13327201_2	25.764365860673635	42.0	222.38710412278087	274	20.0	1.2708169999999999
SRR13327203_1	32.57936144770767	40.0	184.29765574076114	174	20.0	1.4697179999999999
SRR13327203_2	26.799584752322332	42.0	201.56182512563635	184	20.0	1.4697179999999999
SRR13327204_1	28.278348396678282	41.0	214.77869989324847	214	20.0	1.0079479999999998
SRR13327204_2	23.398543416505817	43.0	228.22987445780933	294	20.0	1.0079479999999998
SRR13327205_1	32.079570991070256	41.0	189.28511623418197	174	20.0	1.2744959999999999
SRR13327205_2	30.11038482575458	42.0	197.03697500816008	184	20.0	1.2744959999999999
SRR13327206_1	26.673915637130122	40.0	210.33487945510643	204	20.0	0.874446
SRR13327206_2	23.99774935243387	42.0	219.5618099916976	224	20.0	0.874446
SRR13327207_1	35.94985424018982	42.0	189.0022695132591	174	20.0	1.6355929999999999
SRR13327207_2	33.78194315543479	43.0	197.70415011558498	184	20.0	1.6355929999999999
SRR13401434_1	14.003053614700605	40.0	263.5285850501198	301	20.0	0.24750699999999998
SRR13401434_2	13.243881152059132	40.0	267.24270626689344	301	20.0	0.24750699999999998
SRR13430624_1	33.63770296677703	40.0	264.15513682597776	301	20.0	0.23496999999999998
SRR13430624_2	32.88594215569256	40.0	266.7147976337405	301	20.0	0.23496999999999998
SRR13430625_1	22.76066525108861	39.0	262.3721882128439	301	20.0	0.249441
SRR13430625_2	22.40348857658401	39.0	265.1093966108218	301	20.0	0.249441
SRR13430626_1	16.098070314067556	41.0	258.5509962505408	301	20.0	0.249636
SRR13430626_2	14.471624238263217	41.0	264.13381884023136	301	20.0	0.249636
SRR13430627_1	42.16205786688264	40.0	264.03925047877505	301	20.0	0.220354
SRR13430627_2	40.92644878787014	40.0	268.0825603347341	301	20.0	0.220354
SRR14100602_1	26.70028778815913	41.0	250.06724397639042	284	20.0	0.309366
SRR14100602_2	24.982905481186336	41.0	256.59799719426184	301	20.0	0.309366
SRR14101519_1	55.784028255301344	38.0	264.1701111213964	301	40.0	0.248467
SRR14101519_2	55.18285132135	38.0	267.54955990131486	301	40.0	0.248467
SRR14101547_1	39.13414493399512	40.0	235.7434235108974	254	20.0	0.366647
SRR14101547_2	38.59424970595534	40.0	238.97833611075504	274	20.0	0.366647
SRR14101709_1	38.83084749194683	38.0	254.80970372126097	294	20.0	0.21095
SRR14101709_2	38.557381561601886	38.0	257.7985565299834	301	20.0	0.21095
SRR14101949_1	41.309386217174726	39.0	209.44263036814704	214	20.0	0.627684
SRR14101949_2	40.70883851204121	39.0	213.4433122399169	214	20.0	0.627684
SRR14102219_1	15.749197788309075	40.0	261.52940102974657	301	20.0	0.33425699999999997
SRR14102219_2	14.454560955778732	40.0	266.9842082589145	301	20.0	0.33425699999999997
SRR14102306_1	17.653391064499687	40.0	225.6267919719656	234	20.0	0.423765
SRR14102306_2	16.94011668791711	40.0	231.24755465883214	254	20.0	0.423765
SRR14102521_1	28.686749835050804	40.0	163.13550899970494	144	20.0	0.84725
SRR14102521_2	27.797949375491342	40.0	166.94824845087047	144	20.0	0.84725
SRR14116705_1	64.87204631742802	41.0	220.25940593115286	224	30.0	0.52435
SRR14116705_2	61.690501339640825	41.0	229.0869352531706	244	30.0	0.52435
SRR14116736_1	27.595343131605503	40.0	222.28535384970655	224	20.0	0.5542889999999999
SRR14116736_2	27.02178658162039	41.0	226.73614125483277	234	20.0	0.5542889999999999
SRR14280111_1	39.53982184004226	40.0	151.0	151	20.0	1.835256
SRR14280111_2	38.88399435009071	40.0	151.0	151	20.0	1.835256
SRR14455652_1	42.398524697310044	40.0	151.0	151	20.0	2.114118
SRR14455652_2	41.91885645645136	40.0	151.0	151	20.0	2.114118
SRR17931033_1	39.37124794982459	39.0	150.0	150	0.0	6.129449
SRR17931033_2	38.284759012887704	39.0	150.0	150	0.0	6.129449
SRR17931048_1	33.94523653271371	39.0	150.0	150	0.0	4.832653
SRR17931048_2	32.98119886719981	39.0	150.0	150	0.0	4.832653
SRR17931144_1	34.66310083534705	39.0	150.0	150	0.0	5.473249
SRR17931144_2	33.25519647653381	39.0	150.0	150	0.0	5.473249
SRR17931145_1	35.37607035594422	39.0	150.0	150	0.0	5.6077449999999995
SRR17931145_2	32.61190453046787	39.0	150.0	150	0.0	5.6077449999999995
SRR18114233_1	41.62890048268639	40.0	151.0	151	20.0	1.9747759999999999
SRR18114233_2	40.70174404785871	40.0	151.0	151	20.0	1.9747759999999999
SRR19107616_1	10.635441343945303	38.0	300.0	300	10.0	0.196648
SRR19107616_2	9.83003872216311	39.0	300.0	300	20.0	0.196648
SRR25445074_1	52.796262484000316	39.0	151.0	151	18.181818181818183	2.9693579999999997
SRR25445074_2	50.17845121515914	39.0	151.0	151	18.181818181818183	2.9693579999999997
SRR25445075_1	53.96033403573943	39.0	151.0	151	18.181818181818183	3.1502239999999997
SRR25445075_2	52.24085663890345	39.0	151.0	151	18.181818181818183	3.1502239999999997
SRR25445076_1	55.36710702333672	39.0	151.0	151	18.181818181818183	3.3918559999999998
SRR25445076_2	53.36676009816545	39.0	151.0	151	18.181818181818183	3.3918559999999998
SRR25445077_1	52.00085059874714	39.0	151.0	151	18.181818181818183	2.830866
SRR25445077_2	50.81292209493314	39.0	151.0	151	18.181818181818183	2.830866
SRR25445078_1	59.85864399060677	39.0	151.0	151	18.181818181818183	4.481128
SRR25445078_2	59.0577792771953	39.0	151.0	151	18.181818181818183	4.481128
SRR25445079_1	48.545211280924825	39.0	151.0	151	9.090909090909092	2.367833
SRR25445079_2	46.888853230950915	39.0	151.0	151	9.090909090909092	2.367833
SRR25445080_1	57.821719466245796	39.0	151.0	151	18.181818181818183	4.297296
SRR25445080_2	53.819773677517965	39.0	151.0	151	18.181818181818183	4.297296
SRR25445081_1	52.46470608694941	39.0	151.0	151	18.181818181818183	3.01533
SRR25445081_2	52.02068404082224	39.0	151.0	151	18.181818181818183	3.01533
SRR25445082_1	62.10723055497574	39.0	151.0	151	18.181818181818183	4.9652579999999995
SRR25445082_2	60.69736093054886	39.0	151.0	151	18.181818181818183	4.9652579999999995
SRR25445083_1	61.94419691301795	39.0	151.0	151	18.181818181818183	4.971512
SRR25445083_2	59.95697067221231	39.0	151.0	151	18.181818181818183	4.971512
SRR25445084_1	54.64908402280004	39.0	151.0	151	18.181818181818183	3.291616
SRR25445084_2	53.32512801759959	39.0	151.0	151	18.181818181818183	3.291616
SRR25445085_1	61.77621180620267	39.0	151.0	151	18.181818181818183	5.224645
SRR25445085_2	60.582952879280896	39.0	151.0	151	18.181818181818183	5.224645
SRR25445086_1	61.07259647815562	39.0	151.0	151	18.181818181818183	4.650359
SRR25445086_2	59.4802345776887	39.0	151.0	151	18.181818181818183	4.650359
SRR25445087_1	59.76175203304568	39.0	151.0	151	18.181818181818183	4.702431
SRR25445087_2	58.09387082024553	39.0	151.0	151	18.181818181818183	4.702431
SRR25445088_1	63.201337994603506	39.0	151.0	151	18.181818181818183	5.0338259999999995
SRR25445088_2	61.186610928216155	39.0	151.0	151	18.181818181818183	5.0338259999999995
SRR25445089_1	62.075543173327546	39.0	151.0	151	18.181818181818183	5.382166
SRR25445089_2	60.590218526171874	39.0	151.0	151	18.181818181818183	5.382166
SRR25445090_1	59.81632797732734	39.0	151.0	151	18.181818181818183	4.486711
SRR25445090_2	58.16417941866065	39.0	151.0	151	18.181818181818183	4.486711
SRR25445091_1	61.177325014549616	39.0	151.0	151	18.181818181818183	4.998667
SRR25445091_2	60.69156887031979	39.0	151.0	151	18.181818181818183	4.998667
SRR25445092_1	62.6912923997564	39.0	151.0	151	18.181818181818183	5.6391469999999995
SRR25445092_2	61.68819688554763	39.0	151.0	151	18.181818181818183	5.6391469999999995
SRR25445093_1	52.33294874986297	40.0	151.0	151	18.181818181818183	3.469998
SRR25445093_2	52.420152886632025	40.0	151.0	151	18.181818181818183	3.469998
SRR25445094_1	60.18612454632047	39.0	151.0	151	18.181818181818183	4.702286
SRR25445094_2	58.27757770113113	39.0	151.0	151	18.181818181818183	4.702286
SRR25445095_1	53.82051551820443	39.0	151.0	151	18.181818181818183	3.076901
SRR25445095_2	49.72051147442744	39.0	151.0	151	9.090909090909092	3.076901
SRR25445096_1	60.14921629364169	39.0	151.0	151	18.181818181818183	4.547643
SRR25445096_2	58.4682590153913	39.0	151.0	151	18.181818181818183	4.547643
SRR25445097_1	53.07833211445179	39.0	151.0	151	18.181818181818183	3.035307
SRR25445097_2	51.445586639962265	39.0	151.0	151	18.181818181818183	3.035307
SRR25445098_1	55.2237175232898	39.0	151.0	151	18.181818181818183	3.280036
SRR25445098_2	53.96013692591373	39.0	151.0	151	18.181818181818183	3.280036
SRR25445099_1	62.376192875626536	39.0	151.0	151	18.181818181818183	5.114606
SRR25445099_2	60.859076563217805	39.0	151.0	151	18.181818181818183	5.114606
SRR25445100_1	60.088054143033276	39.0	151.0	151	18.181818181818183	4.612441
SRR25445100_2	57.54927973458718	39.0	151.0	151	18.181818181818183	4.612441
SRR25445101_1	53.90146571912537	39.0	151.0	151	18.181818181818183	3.185676
SRR25445101_2	53.08572460104855	39.0	151.0	151	18.181818181818183	3.185676
SRR25445102_1	58.4589796678884	39.0	151.0	151	18.181818181818183	4.511984
SRR25445102_2	56.36392725067798	39.0	151.0	151	18.181818181818183	4.511984
SRR25445103_1	56.00554241975628	39.0	151.0	151	18.181818181818183	3.4655359999999997
SRR25445103_2	54.53953726659982	39.0	151.0	151	18.181818181818183	3.4655359999999997
SRR25445104_1	62.3517816090501	39.0	151.0	151	18.181818181818183	5.915578
SRR25445104_2	63.37102382894017	39.0	151.0	151	18.181818181818183	5.915578
SRR25445105_1	58.39861680074783	39.0	151.0	151	18.181818181818183	4.039247
SRR25445105_2	56.050539849780385	39.0	151.0	151	18.181818181818183	4.039247
SRR25445106_1	62.12278879363081	39.0	151.0	151	18.181818181818183	4.9289309999999995
SRR25445106_2	61.19153051835507	39.0	151.0	151	18.181818181818183	4.9289309999999995
SRR25445107_1	61.807951607497806	39.0	151.0	151	18.181818181818183	4.980112999999999
SRR25445107_2	59.110851812581885	40.0	151.0	151	18.181818181818183	4.980112999999999
SRR25445108_1	54.55111186299689	39.0	151.0	151	18.181818181818183	3.252758
SRR25445108_2	32.13060056012186	40.0	151.0	151	9.090909090909092	3.252758
SRR25445109_1	62.181676391496374	39.0	151.0	151	18.181818181818183	5.315970999999999
SRR25445109_2	61.526820171566655	39.0	151.0	151	18.181818181818183	5.315970999999999
SRR25445110_1	58.11552770775311	39.0	151.0	151	18.181818181818183	3.926447
SRR25445110_2	56.44196087988059	39.0	151.0	151	18.181818181818183	3.926447
SRR25445111_1	64.68842081666648	39.0	151.0	151	18.181818181818183	6.099276
SRR25445111_2	63.04448654394367	39.0	151.0	151	18.181818181818183	6.099276
SRR25445112_1	58.13570171223112	39.0	151.0	151	18.181818181818183	4.255534
SRR25445112_2	57.46558690434516	39.0	151.0	151	18.181818181818183	4.255534
SRR25445113_1	54.15399158988793	39.0	151.0	151	18.181818181818183	3.24599
SRR25445113_2	51.16130519050442	39.0	151.0	151	18.181818181818183	3.24599
SRR25445114_1	62.66144890105101	39.0	151.0	151	18.181818181818183	5.200562
SRR25445114_2	61.62590355801776	39.0	151.0	151	18.181818181818183	5.200562
SRR25445115_1	54.52347690337916	39.0	151.0	151	18.181818181818183	3.1816959999999996
SRR25445115_2	52.54098128538929	39.0	151.0	151	18.181818181818183	3.1816959999999996
SRR25445116_1	63.24148983394716	39.0	151.0	151	18.181818181818183	5.337425
SRR25445116_2	63.240497899434175	39.0	151.0	151	18.181818181818183	5.337425
SRR25445117_1	52.946381730377155	39.0	151.0	151	18.181818181818183	2.9380699999999997
SRR25445117_2	51.81540974300617	39.0	151.0	151	18.181818181818183	2.9380699999999997
SRR25445118_1	49.034950067063555	39.0	151.0	151	9.090909090909092	2.390902
SRR25445118_2	46.87528842948525	39.0	151.0	151	9.090909090909092	2.390902
SRR25445119_1	62.95668952709719	39.0	151.0	151	18.181818181818183	5.858883
SRR25445119_2	63.36561552815108	39.0	151.0	151	18.181818181818183	5.858883
SRR25445120_1	52.50176349144569	39.0	151.0	151	18.181818181818183	3.012063
SRR25445120_2	50.89157806417488	39.0	151.0	151	18.181818181818183	3.012063
SRR25445121_1	58.539343977091235	39.0	151.0	151	18.181818181818183	4.678133
SRR25445121_2	57.31192249873597	39.0	151.0	151	18.181818181818183	4.678133
SRR25445122_1	50.9301104513546	39.0	151.0	151	18.181818181818183	2.7348019999999997
SRR25445122_2	49.5272900212217	39.0	151.0	151	9.090909090909092	2.7348019999999997
SRR25445123_1	58.619750307384514	39.0	151.0	151	18.181818181818183	4.251711
SRR25445123_2	56.53538347185135	39.0	151.0	151	18.181818181818183	4.251711
SRR25445124_1	44.604779420611784	39.0	151.0	151	9.090909090909092	2.14452
SRR25445124_2	44.84100877424808	39.0	151.0	151	9.090909090909092	2.14452
SRR25445125_1	55.74229937802206	39.0	151.0	151	18.181818181818183	3.6788179999999997
SRR25445125_2	54.90826784608049	39.0	151.0	151	18.181818181818183	3.6788179999999997
SRR25445126_1	60.27929544418756	39.0	151.0	151	18.181818181818183	4.692958
SRR25445126_2	58.47724812703014	39.0	151.0	151	18.181818181818183	4.692958
SRR25445127_1	59.616437720072284	39.0	151.0	151	18.181818181818183	4.5400529999999995
SRR25445127_2	57.19000412937959	39.0	151.0	151	18.181818181818183	4.5400529999999995
SRR25445128_1	59.6198321628473	39.0	151.0	151	18.181818181818183	4.682213
SRR25445128_2	57.76208253983337	39.0	151.0	151	18.181818181818183	4.682213
SRR28167554_1	46.082252012041245	39.0	149.0	149	9.090909090909092	2.77086
SRR28167554_2	45.688679392278516	39.0	149.0	149	9.090909090909092	2.77086
SRR28167555_1	43.016153471770146	39.0	149.0	149	9.090909090909092	2.433834
SRR28167555_2	43.869873274996586	39.0	149.0	149	9.090909090909092	2.433834
SRR28167556_1	45.33761876184619	39.0	149.0	149	9.090909090909092	2.7371019999999997
SRR28167556_2	45.05305669631811	39.0	149.0	149	9.090909090909092	2.7371019999999997
SRR28167557_1	38.382457471821354	39.0	149.0	149	9.090909090909092	1.90289
SRR28167557_2	37.49154678494083	39.0	149.0	149	9.090909090909092	1.90289
SRR28167558_1	48.123061858960206	39.0	149.0	149	9.090909090909092	2.842882
SRR28167558_2	47.65364660527732	39.0	149.0	149	9.090909090909092	2.842882
SRR28167559_1	45.05872377430122	39.0	149.0	149	9.090909090909092	2.602054
SRR28167559_2	44.92291583408306	39.0	149.0	149	9.090909090909092	2.602054
SRR28167560_1	45.699770883512116	39.0	149.0	149	9.090909090909092	2.702158
SRR28167560_2	45.82624400128537	39.0	149.0	149	9.090909090909092	2.702158
SRR28167561_1	41.0694489069243	39.0	149.0	149	9.090909090909092	2.18419
SRR28167561_2	40.228882230781494	39.0	149.0	149	9.090909090909092	2.18419
SRR28167562_1	40.76146930610866	39.0	149.0	149	9.090909090909092	2.145337
SRR28167562_2	40.663330363330964	39.0	149.0	149	9.090909090909092	2.145337
SRR28167563_1	47.793085791356795	39.0	149.0	149	9.090909090909092	2.9797029999999998
SRR28167563_2	47.892942637310455	39.0	149.0	149	9.090909090909092	2.9797029999999998
SRR28167564_1	44.67799371026546	39.0	149.0	149	9.090909090909092	2.585644
SRR28167564_2	44.366542918195705	39.0	149.0	149	9.090909090909092	2.585644
SRR28167565_1	40.17136293163783	39.0	149.0	149	9.090909090909092	2.0728969999999998
SRR28167565_2	40.50143530269057	39.0	149.0	149	9.090909090909092	2.0728969999999998
SRR28167566_1	40.66368445404389	39.0	149.0	149	9.090909090909092	2.108803
SRR28167566_2	40.5757084442643	39.0	149.0	149	9.090909090909092	2.108803
SRR28167567_1	42.738956489525634	39.0	149.0	149	9.090909090909092	2.404684
SRR28167567_2	43.654549555258335	39.0	149.0	149	9.090909090909092	2.404684
SRR28167569_1	40.04159256562245	39.0	149.0	149	18.181818181818183	2.138262
SRR28167569_2	39.93407615784498	39.0	149.0	149	18.181818181818183	2.138262
SRR28167570_1	50.53517855023743	39.0	149.0	149	18.181818181818183	3.506411
SRR28167570_2	50.79453101709968	39.0	149.0	149	18.181818181818183	3.506411
SRR28167571_1	45.78363020780694	40.0	149.0	149	18.181818181818183	2.793438
SRR28167571_2	46.03298772165043	40.0	149.0	149	18.181818181818183	2.793438
SRR28167572_1	40.1515208208032	39.0	149.0	149	9.090909090909092	2.061976
SRR28167572_2	39.975300677081016	39.0	149.0	149	9.090909090909092	2.061976
SRR28167573_1	37.20990907688642	39.0	149.0	149	9.090909090909092	1.783966
SRR28167573_2	36.90166829018157	39.0	149.0	149	9.090909090909092	1.783966
SRR28167574_1	41.80398949304395	39.0	149.0	149	9.090909090909092	2.296719
SRR28167574_2	41.67127588987215	39.0	149.0	149	9.090909090909092	2.296719
SRR28167575_1	42.45782366816068	39.0	149.0	149	9.090909090909092	2.358171
SRR28167575_2	42.303296955688566	39.0	149.0	149	9.090909090909092	2.358171
SRR28167576_1	44.64076764133189	39.0	149.0	149	9.090909090909092	2.639056
SRR28167576_2	44.65129049416402	39.0	149.0	149	9.090909090909092	2.639056
SRR28167577_1	39.468022258556616	38.0	149.0	149	9.090909090909092	1.939941
SRR28167577_2	39.015738699867185	38.0	149.0	149	9.090909090909092	1.939941
SRR28167578_1	30.862149211333858	39.0	149.0	149	9.090909090909092	1.234411
SRR28167578_2	30.50612957247678	39.0	149.0	149	9.090909090909092	1.234411
SRR28167579_1	32.00903952679377	39.0	149.0	149	9.090909090909092	1.312501
SRR28167579_2	31.908003335776627	39.0	149.0	149	9.090909090909092	1.312501
SRR28167581_1	39.51250363262769	39.0	149.0	149	9.090909090909092	1.983016
SRR28167581_2	39.36024494109706	39.0	149.0	149	9.090909090909092	1.983016
SRR28167582_1	41.70399911536978	39.0	149.0	149	9.090909090909092	2.2674499999999997
SRR28167582_2	41.63389576152814	39.0	149.0	149	9.090909090909092	2.2674499999999997
SRR28167584_1	47.053029900997466	39.0	149.0	149	9.090909090909092	2.659325
SRR28167584_2	46.548829458352536	39.0	149.0	149	9.090909090909092	2.659325
SRR8618098_1	56.91911157665624	40.0	145.44709632525627	151	20.0	3.525171
SRR8618098_2	55.7749507591308	40.0	145.48229490143882	151	20.0	3.525171
SRR8618099_1	58.44837986813913	39.0	148.20917321077638	151	20.0	3.2759739999999997
SRR8618099_2	55.74862484040252	39.0	148.24293355197568	151	20.0	3.2759739999999997
SRR9017260_1	25.982108568501744	38.0	225.68743838594818	254	10.0	0.8885959999999999
SRR9017260_2	23.87822976505285	39.0	238.3846129174563	301	20.0	0.8885959999999999
